	ERR2233238	ERR2233239	ERR2233230	ERR2233231	ERR2233232	ERR2233233	ERR2233234	ERR2233235	ERR2233236	ERR2233237	ERR2233259	ERR2233319	ERR2233251	ERR2233229	ERR2233308	ERR2233309	ERR2233304	ERR2233305	ERR2233306	ERR2233307	ERR2233300	ERR2233301	ERR2233303	ERR2233313	ERR2233312	ERR2233258	ERR2233310	ERR2233317	ERR2233316	ERR2233315	ERR2233314	ERR2233252	ERR2233253	ERR2233250	ERR2233318	ERR2233256	ERR2233257	ERR2233254	ERR2233255	ERR2233249	ERR2233248	ERR2233241	ERR2233240	ERR2233243	ERR2233242	ERR2233245	ERR2233244	ERR2233247	ERR2233246	ERR2233278	ERR2233279	ERR2233274	ERR2233275	ERR2233276	ERR2233277	ERR2233270	ERR2233271	ERR2233272	ERR2233273	ERR2233263	ERR2233262	ERR2233261	ERR2233260	ERR2233267	ERR2233266	ERR2233265	ERR2233264	ERR2233269	ERR2233268	ERR2233299	ERR2233296	ERR2233297	ERR2233295	ERR2233292	ERR2233293	ERR2233290	ERR2233291	ERR2233289	ERR2233288	ERR2233285	ERR2233284	ERR2233287	ERR2233286	ERR2233281	ERR2233280	ERR2233283	ERR2233282	ERR2233311	ERR2233320	ERR2233321
ERR2233238	0.0	0.654468521844	0.682612368872	0.650773818514	0.656461354839	0.658699282818	0.67099705221	0.658626800577	0.669863732695	0.669244946598	0.737162925654	0.812973871286	0.684673659333	0.682724045485	0.826262204917	0.825872646057	0.799023354737	0.79324700996	0.799273350735	0.815680465664	0.883054867866	0.909632380498	0.868930156821	0.825945085587	0.802777730972	0.712144324061	0.832645491173	0.804357592383	0.876562876147	0.854831682821	0.815118143755	0.680118680584	0.689048482519	0.669058628052	0.819482330965	0.709861253223	0.696965231487	0.701365105208	0.691685908232	0.688193098441	0.675683631557	0.653611309249	0.63262636824	0.672310619016	0.654322930713	0.669949280537	0.661784758709	0.651431123313	0.666448446216	0.753408210898	0.735837152092	0.75794487329	0.763522950221	0.748013450614	0.767769521938	0.676842288235	0.680064984199	0.741627692797	0.758651548473	0.729026900009	0.73313535668	0.733711439089	0.726660024906	0.696121241404	0.686475893337	0.723196356799	0.723556312406	0.685752648065	0.69168828682	0.894921771955	0.850837917202	0.846770055242	0.841065785941	0.841492897918	0.840187453715	0.914409627491	0.950036559143	0.923648459519	0.919919675274	0.867644245788	0.849909054756	0.855495818898	0.852697604825	0.851407945324	0.85504567429	0.855581351353	0.85165412154	0.826970308575	0.764306016349	0.761269333323
ERR2233239	0.654468521844	0.0	0.692911825641	0.6720153771	0.654669150538	0.680011163694	0.65605192663	0.673188614168	0.684634078724	0.679154933668	0.731446799959	0.82898290164	0.6987027583	0.692634543453	0.82709169348	0.831168737254	0.808785925652	0.807784680408	0.813135963462	0.809671622464	0.886504244526	0.912147859295	0.87778469755	0.838147191508	0.818403995279	0.689649597862	0.841539112262	0.816515452951	0.883580658985	0.842004317736	0.828964258602	0.698236570097	0.699074700743	0.678574346174	0.831147306264	0.685381872461	0.707690700047	0.681733072758	0.699864864216	0.697489793759	0.685378713979	0.679270859541	0.650052049352	0.683931942478	0.674846609154	0.686727624174	0.679376065581	0.665849565963	0.677792726993	0.763589569286	0.750566577525	0.771072940557	0.777776197657	0.761709429719	0.783075178165	0.693317795218	0.698784149234	0.75771630343	0.767583918431	0.739564855807	0.7481472961	0.741783768338	0.740451576544	0.710895396688	0.708444131721	0.732433171455	0.734279553421	0.703070806987	0.721656462161	0.895968721304	0.857422423802	0.851682201824	0.849148781461	0.847590087968	0.847041972421	0.917505511753	0.950019363668	0.92486053079	0.924100130708	0.859658833921	0.859135710994	0.860419976323	0.860429836642	0.857751821903	0.848485654966	0.863793192868	0.861177483922	0.816592611934	0.777224390395	0.775127665853
ERR2233230	0.682612368872	0.692911825641	0.0	0.699101721979	0.686432859225	0.680068750484	0.680998252889	0.663779609388	0.659823244778	0.658209111289	0.767114923363	0.84193549181	0.703323831625	0.68602829081	0.837928746343	0.839047943254	0.812633725016	0.809490820206	0.813529833907	0.829378670073	0.888446489979	0.91442166803	0.875439378351	0.835873505998	0.812027981172	0.689677996914	0.838181163272	0.833637895905	0.892031409931	0.859679619578	0.821539144737	0.662941376356	0.710878677071	0.654708414075	0.845596180522	0.684189409281	0.677406035486	0.708375090496	0.705993002896	0.661609934387	0.657490295149	0.696856667715	0.676885796073	0.67617658327	0.673976158402	0.66736284467	0.675177451041	0.658887927158	0.653082232389	0.776493948176	0.761156140339	0.77160234224	0.778649640232	0.771372824485	0.796000183404	0.694471082167	0.689062474639	0.755844808054	0.764803735891	0.71813803181	0.754489596105	0.708728151395	0.722961820167	0.705711911415	0.703995214679	0.707127580739	0.708817825736	0.685568177328	0.71953878675	0.899287062702	0.855111870844	0.852968070449	0.848229422925	0.847387661022	0.848522343664	0.916662522771	0.950301076074	0.922336253432	0.919798657783	0.881416006413	0.864553942878	0.861949454146	0.86101974665	0.869930911919	0.873978861112	0.870516261788	0.870192747447	0.838275252657	0.771003910048	0.755475368348
ERR2233231	0.650773818514	0.6720153771	0.699101721979	0.0	0.665001915373	0.658096296158	0.682300965741	0.665329931468	0.693277561607	0.683728424491	0.732302172628	0.816199709315	0.693248604068	0.694030076997	0.835356433831	0.838242436569	0.809591529589	0.804563733559	0.811166015913	0.82781909964	0.893156259887	0.914039374994	0.878256719697	0.84027526225	0.818243641373	0.732872139507	0.841011357375	0.810685186407	0.881983018528	0.862614908138	0.830680603303	0.704242471602	0.689936829628	0.69358052557	0.822574227984	0.724348547825	0.716095086902	0.720298745767	0.700216830822	0.710497682853	0.697989729008	0.65943325152	0.645754147865	0.677392400935	0.659704392985	0.680385945011	0.66582305677	0.659622579374	0.679345473114	0.753137707458	0.72998042007	0.770305364808	0.764236262491	0.744425883569	0.764516533174	0.681870880611	0.689452561356	0.750417243235	0.767648548365	0.737110303852	0.731446814297	0.739166134218	0.732815902425	0.704043413641	0.690588755908	0.732413225609	0.729258492127	0.695498035053	0.700774815163	0.899964195693	0.859767792941	0.855381024491	0.85146426044	0.849881670091	0.850145980103	0.920422555081	0.952456864179	0.928656614148	0.92461636046	0.874862980826	0.859979039155	0.864374138914	0.862964600875	0.857321591097	0.862202420682	0.862938844777	0.857246085096	0.837323902261	0.776001212003	0.772929746754
ERR2233232	0.656461354839	0.654669150538	0.686432859225	0.665001915373	0.0	0.662881832697	0.64313036435	0.660239221504	0.680787111682	0.672792440913	0.716090763975	0.807962331554	0.700237606754	0.689331860117	0.821983543623	0.82102887263	0.800160228637	0.798809782088	0.801909849725	0.801000399401	0.883158677506	0.908746284279	0.869702604492	0.829524344971	0.809993788415	0.681113849569	0.834721306661	0.801647569894	0.872321554998	0.831901595479	0.822095925846	0.688645510202	0.697053783467	0.675743550722	0.816885722149	0.680740979644	0.703625914755	0.676619897968	0.704864299899	0.694172600684	0.686780590742	0.66218937324	0.652017106334	0.669814038344	0.663269364782	0.67378778267	0.664119265109	0.657982421545	0.669271727769	0.745995109868	0.736015307562	0.758717914599	0.760744121118	0.747387896371	0.768848072657	0.688944022561	0.692755304057	0.738564331528	0.753497263813	0.729678261699	0.736226536926	0.728762191148	0.727802219106	0.700922195998	0.696712987873	0.718107043487	0.720259477214	0.693339716359	0.695510240395	0.891847310508	0.852164171222	0.846430994563	0.84384264478	0.844849837072	0.843216213126	0.913241672133	0.947025587867	0.921794801687	0.918670656009	0.849148708102	0.851183879626	0.856842230854	0.855338407648	0.852364765369	0.839162318624	0.855081992727	0.850881138263	0.806472680146	0.761874414517	0.756999083796
ERR2233233	0.658699282818	0.680011163694	0.680068750484	0.658096296158	0.662881832697	0.0	0.669284236441	0.656622720447	0.675525937696	0.66633853949	0.739164955089	0.816102454162	0.696546044147	0.692999702142	0.832244468078	0.831058913912	0.808004594806	0.802605297857	0.806401464542	0.822547805179	0.889704561403	0.915092615424	0.877309274722	0.834968067289	0.81258361397	0.717061783381	0.838778031172	0.80749225425	0.879623060412	0.858716309547	0.823523022503	0.687196568107	0.698020227196	0.675716561083	0.821636193536	0.7130852334	0.699811703023	0.711334915655	0.708379237885	0.689928670221	0.682922035568	0.656492677801	0.650457839767	0.656791054255	0.648499513816	0.66261743688	0.653517769245	0.657065998624	0.666400871027	0.755111063735	0.738906436652	0.762011811399	0.761325317474	0.744727917797	0.766488802676	0.678411528923	0.684080460927	0.741182801537	0.759658989247	0.721378878707	0.73004430616	0.723849648517	0.722254308279	0.702876107047	0.69114765609	0.714338792977	0.713773649587	0.689266222961	0.702404240607	0.899716841767	0.858447865334	0.853269315428	0.848293766052	0.84830193907	0.849565810814	0.918743288157	0.950903426136	0.926388487702	0.925118026912	0.87355038854	0.856995648705	0.863219995122	0.861835299581	0.859654422692	0.863113699501	0.86282866979	0.859408717454	0.834223739352	0.76400784907	0.755723708381
ERR2233234	0.67099705221	0.65605192663	0.680998252889	0.682300965741	0.64313036435	0.669284236441	0.0	0.665780118731	0.670593716176	0.667486807634	0.732767702692	0.823086955647	0.704366935264	0.691534440725	0.82409558131	0.823156094432	0.803798636802	0.800014141052	0.805560336274	0.801816369332	0.882658371874	0.908425885985	0.868682714862	0.831071309979	0.811332603651	0.668593343225	0.833886167812	0.810618425192	0.88017654208	0.831536682767	0.820867100799	0.683778981951	0.704007262081	0.666076974831	0.827972431533	0.664478928865	0.69216548545	0.669937320952	0.702788646308	0.682432724429	0.673001334521	0.676171422427	0.667264070331	0.672633384408	0.669925813892	0.670083419183	0.671470309593	0.656441330809	0.666448444156	0.763144146792	0.750451565736	0.767169930373	0.769623773706	0.7597361547	0.781212888856	0.693937559675	0.691658727223	0.748832360171	0.757526032776	0.722894648459	0.744878720022	0.723547303156	0.725413826276	0.707336300757	0.703261951487	0.715998357383	0.713998162475	0.69514684108	0.712149057196	0.891873401873	0.850728631063	0.847077771109	0.841810820451	0.842867473858	0.843134558975	0.912840585364	0.945641069851	0.920109044823	0.918211182355	0.856610866536	0.851839856752	0.857874602075	0.854906508009	0.855450862731	0.843585103246	0.85933991153	0.858284463116	0.809238133402	0.764688067348	0.753772339116
ERR2233235	0.658626800577	0.673188614168	0.663779609388	0.665329931468	0.660239221504	0.656622720447	0.665780118731	0.0	0.652002567262	0.64936559417	0.749671886446	0.835861804299	0.691285497772	0.682505893598	0.837848065105	0.840448015334	0.81528658245	0.809737785553	0.81490173511	0.829904843413	0.889537337493	0.914634413558	0.876167137997	0.840213279065	0.818474875381	0.690051468037	0.843692146662	0.824929540269	0.885994996875	0.862754003981	0.826518481504	0.669173154033	0.69088802836	0.651110755795	0.841124002901	0.689801147532	0.676451511486	0.700108008089	0.69365718125	0.672324472961	0.667164726082	0.667577883022	0.650731806819	0.655952976063	0.650333106907	0.652821225753	0.648396480568	0.641101710089	0.639456885068	0.758083489555	0.745014515154	0.771130675939	0.768151352452	0.752669615726	0.779691231096	0.679156368774	0.677242577109	0.744957312629	0.759744608244	0.711165062218	0.736095768294	0.709645830944	0.716154497039	0.695313950512	0.69096324481	0.706987466504	0.701611916763	0.679325249721	0.712415309832	0.898479502994	0.858041711696	0.852506485617	0.84768517274	0.847814355847	0.848769972291	0.917103651518	0.952022257174	0.922714289812	0.920948762713	0.878068261622	0.86083600689	0.862885017229	0.863158654421	0.864803384356	0.867385920848	0.867186993819	0.865784578469	0.84032989745	0.774812741514	0.75958605685
ERR2233236	0.669863732695	0.684634078724	0.659823244778	0.693277561607	0.680787111682	0.675525937696	0.670593716176	0.652002567262	0.0	0.647603663912	0.764872224284	0.84382099894	0.702050451083	0.686449250577	0.835120774074	0.838765947943	0.813455280487	0.812158770284	0.814169638261	0.828062520789	0.886845520544	0.912194445442	0.872525021754	0.837229916232	0.817007846393	0.679031571245	0.84062390877	0.826991961871	0.887443299323	0.859688756328	0.82166027591	0.655059148136	0.702861578829	0.640637755461	0.846969576253	0.679384564941	0.666044787642	0.699790076679	0.699637430706	0.651858872524	0.650001306394	0.686937794045	0.668153898348	0.664166770994	0.662460700914	0.654027482318	0.662679402486	0.648598179873	0.640469336506	0.772299853869	0.759324761089	0.769489226304	0.776392636733	0.768328777037	0.789980134213	0.688492424985	0.686911841514	0.751997763889	0.758482414724	0.710980555733	0.744448635459	0.705854609034	0.718751711391	0.702483694844	0.705986875109	0.70469458648	0.703567836175	0.687146085691	0.722735296715	0.897854302745	0.851850563675	0.849836638879	0.84394920348	0.844252543028	0.844056497528	0.913927618174	0.950028621751	0.920807897922	0.917517314378	0.878187470767	0.860451839391	0.860983057104	0.85924524422	0.866235212417	0.86883278555	0.867221890541	0.865911638928	0.839564933304	0.771493817042	0.757232247051
ERR2233237	0.669244946598	0.679154933668	0.658209111289	0.683728424491	0.672792440913	0.66633853949	0.667486807634	0.64936559417	0.647603663912	0.0	0.761094305032	0.841806972778	0.693227109516	0.682112023978	0.834637267051	0.837444582884	0.810196040785	0.808115179542	0.80936015982	0.827493699216	0.887293707311	0.914179311311	0.874922037084	0.834973871799	0.810017709846	0.682325764375	0.836309638847	0.831041920194	0.891681897703	0.85914425232	0.819367199352	0.65687791124	0.701554527033	0.643680357916	0.84458917655	0.679924182636	0.666247035016	0.702116708999	0.697488370772	0.657853048903	0.647067201509	0.680859736755	0.660487850454	0.664904270983	0.659981712475	0.655790644429	0.664032907974	0.644303194641	0.640774975916	0.774439252447	0.760513868634	0.773557716593	0.780781812719	0.769533449337	0.796134543354	0.685723025577	0.685852967585	0.757852484013	0.767168695886	0.715280948876	0.749997336948	0.712530180381	0.724462142963	0.700905720286	0.701532686539	0.709694976811	0.70890927769	0.686286116275	0.718502428529	0.89849559081	0.854187589684	0.849396791893	0.84645073604	0.843340328714	0.844848191992	0.914682228374	0.949510013036	0.920175849266	0.920081388476	0.879704239826	0.862656328674	0.861222207144	0.859101279143	0.866383620396	0.869696538922	0.869298629949	0.86775612355	0.836721013858	0.768863549159	0.758120082142
ERR2233259	0.737162925654	0.731446799959	0.767114923363	0.732302172628	0.716090763975	0.739164955089	0.732767702692	0.749671886446	0.764872224284	0.761094305032	0.0	0.811402291492	0.747330320704	0.751777542661	0.859106494051	0.854429391284	0.843275405225	0.840773498049	0.844613583188	0.835489581155	0.907577735849	0.922534220571	0.898725843894	0.86609416105	0.853385974411	0.760234930151	0.866647527391	0.79733273149	0.872930631594	0.862475894541	0.865017404339	0.765160646082	0.75117508532	0.770949630771	0.8163181145	0.758356406651	0.783687119022	0.750162902121	0.769956844678	0.784267187632	0.777891811179	0.739048763462	0.73180646075	0.744695707176	0.739498093846	0.755156472711	0.743701862018	0.743196133005	0.7576253852	0.74093242726	0.741205784691	0.771462334347	0.75273740556	0.74012209126	0.742404375393	0.737507576109	0.742066831307	0.73408844348	0.757186267	0.770121825562	0.748416097804	0.782469896605	0.762083326558	0.744698495136	0.73632849251	0.761374416103	0.764316449555	0.749769139923	0.752482352328	0.911625221902	0.887015474247	0.886515482137	0.883668457961	0.883806863272	0.879977372234	0.932012792299	0.952675192845	0.937172865298	0.934504170767	0.875708151843	0.880686925275	0.889658112584	0.889827127647	0.875325378358	0.865467548688	0.883245830982	0.88084532289	0.840963831821	0.789269073797	0.786657295933
ERR2233319	0.812973871286	0.82898290164	0.84193549181	0.816199709315	0.807962331554	0.816102454162	0.823086955647	0.835861804299	0.84382099894	0.841806972778	0.811402291492	0.0	0.845410961862	0.846039398205	0.816098304119	0.817218025038	0.798236812931	0.799688124146	0.811811979557	0.815091830355	0.875104817465	0.890651930351	0.867256879316	0.828766548988	0.822515373619	0.851759843007	0.83056360106	0.693854139675	0.796619309156	0.836168238489	0.83274254035	0.840200147569	0.84266442009	0.838214136856	0.606791207019	0.846457569942	0.862260786914	0.837011856686	0.847067683611	0.846758917232	0.846717853139	0.816612921139	0.813750997067	0.833569191728	0.825659813248	0.837454768627	0.831384616068	0.828828788768	0.844478059747	0.814543045468	0.817998436267	0.803322896606	0.822386740968	0.818681326998	0.813270572428	0.823835640625	0.825061723538	0.808101204957	0.814429361036	0.849473454033	0.829763923499	0.859605420225	0.846542252488	0.837202891379	0.828116363002	0.848094744426	0.844730897772	0.838560676139	0.78349739006	0.877069925048	0.865654108405	0.864606710082	0.869482525474	0.866286828249	0.861445607787	0.913121803492	0.930889685942	0.916552545966	0.914270229968	0.852435971065	0.848126756967	0.866000580093	0.861014127156	0.846959980714	0.843547163634	0.851895239525	0.843115220665	0.816352683193	0.744001925206	0.764128916722
ERR2233251	0.684673659333	0.6987027583	0.703323831625	0.693248604068	0.700237606754	0.696546044147	0.704366935264	0.691285497772	0.702050451083	0.693227109516	0.747330320704	0.845410961862	0.0	0.664521540401	0.846738913031	0.846827056186	0.823149700099	0.81931422251	0.823849029443	0.83781112489	0.895987503382	0.917805790113	0.883944532051	0.847257973555	0.825271527717	0.718201610334	0.851445558172	0.832399100657	0.892474552523	0.867464151368	0.834382012535	0.69156631876	0.676670704425	0.693664731262	0.847094067806	0.711689086233	0.705436346121	0.701854725987	0.678532284072	0.706074440204	0.699771435707	0.700826883856	0.681130725242	0.697480577554	0.695771080358	0.697345996882	0.690224088947	0.686558002869	0.691067006783	0.771149002821	0.75320757502	0.77749007814	0.780540656811	0.76100779318	0.782474010352	0.698852717599	0.700962845142	0.759409144743	0.768686529911	0.744515239989	0.757019526386	0.744811758579	0.743861144322	0.703079388953	0.696604118226	0.741482784193	0.741174928051	0.703451460213	0.722489853722	0.902844895656	0.86432144398	0.858075926273	0.855454340078	0.856385360918	0.855821619062	0.921179966674	0.953893490152	0.928827046466	0.926600601085	0.886603846592	0.870932656708	0.86947541702	0.86860611301	0.870912149116	0.874418477769	0.874484479608	0.873435092023	0.845989810409	0.785938179549	0.781089696026
ERR2233229	0.682724045485	0.692634543453	0.68602829081	0.694030076997	0.689331860117	0.692999702142	0.691534440725	0.682505893598	0.686449250577	0.682112023978	0.751777542661	0.846039398205	0.664521540401	0.0	0.841179378663	0.842728712578	0.820630913203	0.814206805497	0.822814627297	0.833352114174	0.889434332746	0.912997972009	0.87623801597	0.841236633082	0.819403013121	0.708066843049	0.845602010551	0.83253743552	0.890569322443	0.863985513236	0.828213323063	0.687193277753	0.678653105111	0.680969122101	0.847287057015	0.707721070073	0.69670486147	0.696748068737	0.671782343414	0.690900066974	0.68221784217	0.700487525211	0.678168112308	0.695914258582	0.690042130215	0.689855944869	0.688152721684	0.674934508383	0.680630092847	0.773226990734	0.75634258238	0.777367176005	0.779122587536	0.769366252642	0.788637507672	0.697099726302	0.697371486061	0.764398014149	0.770058434639	0.740384727106	0.753877870856	0.737106080418	0.73914202931	0.700689462275	0.69890341889	0.735187690848	0.7309239435	0.69814020514	0.727429858822	0.900205508151	0.856222089552	0.852590559788	0.84899338865	0.848913537955	0.850511762265	0.917443752796	0.951488711649	0.923655697304	0.92148287447	0.882367255711	0.864833286771	0.866151971633	0.863403869383	0.868922840557	0.870417179808	0.873049424062	0.869914956769	0.841626416137	0.781824319302	0.775009475185
ERR2233308	0.826262204917	0.82709169348	0.837928746343	0.835356433831	0.821983543623	0.832244468078	0.82409558131	0.837848065105	0.835120774074	0.834637267051	0.859106494051	0.816098304119	0.846738913031	0.841179378663	0.0	0.594000788328	0.659243722598	0.667691172123	0.66174737602	0.64772412623	0.791004534345	0.827537796696	0.772004461059	0.658917628214	0.668438047265	0.830354940194	0.666051336358	0.792073412077	0.839436192788	0.684812700124	0.684488019964	0.834238628899	0.844780972423	0.827957225476	0.811457322433	0.827217679163	0.844834585595	0.822480898108	0.838396860426	0.828314337661	0.823514021404	0.837290086587	0.822445707589	0.844739351996	0.841337964202	0.839468622818	0.841852395863	0.830377056826	0.834092352473	0.841695585412	0.848742282196	0.821109142886	0.849029226092	0.857004077399	0.853272755637	0.84133788632	0.839699803027	0.832856613426	0.82407093317	0.856386057252	0.861551803299	0.858124762543	0.854412229725	0.849523531052	0.847692208465	0.853334982383	0.851764814805	0.84663508426	0.817351311001	0.800097317035	0.761524884619	0.760115611147	0.759722311742	0.764733128075	0.762472347921	0.846944408358	0.901415873894	0.862135810757	0.852188016434	0.785084963776	0.771538937605	0.763045203324	0.761308678121	0.778208597596	0.778855570585	0.776232875631	0.776035205971	0.668897029371	0.793377741935	0.806146926204
ERR2233309	0.825872646057	0.831168737254	0.839047943254	0.838242436569	0.82102887263	0.831058913912	0.823156094432	0.840448015334	0.838765947943	0.837444582884	0.854429391284	0.817218025038	0.846827056186	0.842728712578	0.594000788328	0.0	0.650936762387	0.652798434305	0.646213734625	0.650385501094	0.798367447397	0.836361872615	0.770145761391	0.650509169396	0.657031494607	0.834869299567	0.655520183972	0.795278057378	0.84267892451	0.684103648407	0.67674695281	0.836033413037	0.847191798051	0.831830219012	0.807728902028	0.831620365824	0.848028964166	0.82557523404	0.837370946762	0.831049894594	0.83117754536	0.835800207994	0.825479864518	0.841317276411	0.842125958092	0.840154431572	0.845303904725	0.83343499	0.840003736845	0.846816815411	0.849737552336	0.822623527068	0.84822414737	0.8566635401	0.856519186926	0.841226667728	0.840007945679	0.838013536679	0.830222043237	0.859255883246	0.862084645159	0.860236423312	0.855353967317	0.851811523437	0.847408918584	0.856148251809	0.854470334041	0.84788823516	0.813660028578	0.803157217657	0.757130888966	0.756318731292	0.756063536497	0.757744297016	0.75833171659	0.847545681915	0.908155778489	0.869442837281	0.857152193095	0.778074762113	0.769976698244	0.752748700625	0.756906751888	0.77635147729	0.773109037646	0.772466445205	0.774265043905	0.666388907211	0.79631332144	0.80941564222
ERR2233304	0.799023354737	0.808785925652	0.812633725016	0.809591529589	0.800160228637	0.808004594806	0.803798636802	0.81528658245	0.813455280487	0.810196040785	0.843275405225	0.798236812931	0.823149700099	0.820630913203	0.659243722598	0.650936762387	0.0	0.607653816099	0.635295052048	0.660507460057	0.81473961167	0.852314500057	0.786061817142	0.659934641237	0.642048388925	0.819965062613	0.668257163245	0.793646044419	0.855145815894	0.708113751507	0.665329614226	0.81068119732	0.826325195046	0.807869118326	0.796175289067	0.815382125521	0.824569126369	0.810894398196	0.814137801896	0.808644341834	0.8044594901	0.812963972035	0.797691970439	0.817749691616	0.815904728149	0.815184883448	0.818826394194	0.80873245582	0.81520246774	0.838740028052	0.836248665583	0.814274109497	0.839507301631	0.845917344559	0.849279501918	0.818416189459	0.815458784954	0.823832528971	0.824810278695	0.840241412921	0.845100231602	0.842758403479	0.842015135156	0.827975115213	0.824892464477	0.841583151926	0.837142682669	0.826803369717	0.791493032644	0.829368308983	0.773528183309	0.767364532265	0.771462248829	0.776277734566	0.776256591116	0.859354459253	0.912083860003	0.876373568476	0.864454256542	0.800856802995	0.786449248647	0.773463396594	0.778404026388	0.788899708113	0.790893769173	0.788441507514	0.785884970132	0.679896115461	0.777504914513	0.78761644198
ERR2233305	0.79324700996	0.807784680408	0.809490820206	0.804563733559	0.798809782088	0.802605297857	0.800014141052	0.809737785553	0.812158770284	0.808115179542	0.840773498049	0.799688124146	0.81931422251	0.814206805497	0.667691172123	0.652798434305	0.607653816099	0.0	0.629075713632	0.66000966168	0.811516364141	0.85766070887	0.786148764104	0.663199705424	0.637721323747	0.815169570414	0.668061379032	0.791089813554	0.855130271427	0.708719931734	0.659127093779	0.805995278766	0.81861516866	0.803128898149	0.793419189885	0.808202231931	0.818389495006	0.805469983658	0.81021919956	0.802887050116	0.801679177611	0.80587011611	0.792777362773	0.814914652793	0.809750569844	0.809640996808	0.814320495166	0.801974710942	0.809962869887	0.831190020717	0.831664001916	0.81161213527	0.836915636553	0.839274491826	0.845018375413	0.810232788943	0.811269477515	0.821437003015	0.821441885562	0.836072076466	0.840194985242	0.835751600089	0.833524966474	0.82072974891	0.820839423258	0.835357980361	0.829008968616	0.820215145174	0.78424247722	0.830760391801	0.770196858508	0.763481078504	0.770329631604	0.771767073398	0.771669604914	0.858553715277	0.917584020244	0.878362186383	0.866473834912	0.796409788296	0.78422201708	0.772067034166	0.774339590311	0.788807832559	0.787120908507	0.783501207182	0.78061907348	0.672946182208	0.772431697542	0.782392912971
ERR2233306	0.799273350735	0.813135963462	0.813529833907	0.811166015913	0.801909849725	0.806401464542	0.805560336274	0.81490173511	0.814169638261	0.80936015982	0.844613583188	0.811811979557	0.823849029443	0.822814627297	0.66174737602	0.646213734625	0.635295052048	0.629075713632	0.0	0.639517693322	0.811996506366	0.851777620924	0.782369849289	0.661508791817	0.624258852754	0.821048464237	0.654018990923	0.7941711973	0.850387828101	0.698864396665	0.642810400873	0.810658768631	0.82532850374	0.806747861293	0.808848850791	0.815201260446	0.824135848852	0.809446142268	0.813549019143	0.808203716272	0.804416447742	0.812023929977	0.797090071683	0.818753097558	0.817167364463	0.818636949662	0.818698502413	0.8076474401	0.816066896953	0.837414072357	0.833424318641	0.81212736148	0.837264124138	0.841631077478	0.84555366807	0.816418940686	0.816920338325	0.82627703915	0.822417443673	0.841589129857	0.847176087116	0.838615747462	0.837284219324	0.827548749268	0.821954959292	0.840227684558	0.835608884137	0.823816575488	0.784943327726	0.821657989934	0.764758368106	0.757501885044	0.765676655117	0.76785537609	0.763920795668	0.8576326627	0.913446971227	0.875668299934	0.866509351074	0.801851900842	0.778207003164	0.767623037198	0.770969484061	0.790637270985	0.794029773014	0.781624997503	0.783984018548	0.662070022715	0.772928634523	0.786556834198
ERR2233307	0.815680465664	0.809671622464	0.829378670073	0.82781909964	0.801000399401	0.822547805179	0.801816369332	0.829904843413	0.828062520789	0.827493699216	0.835489581155	0.815091830355	0.83781112489	0.833352114174	0.64772412623	0.650385501094	0.660507460057	0.66000966168	0.639517693322	0.0	0.797759164392	0.834808118852	0.776305326996	0.671964579821	0.662609805656	0.805534981647	0.673286595301	0.788623592669	0.841752238859	0.63687548701	0.670248920798	0.826608308376	0.837638955658	0.818531235723	0.80800098457	0.8022544609	0.837754109903	0.798401202798	0.826918761518	0.820777088821	0.82001570156	0.82571768393	0.813175140914	0.832690689529	0.832061567378	0.83244102834	0.832768481623	0.823032183482	0.827448552393	0.838090580077	0.842203066984	0.812738899599	0.845427934999	0.852231487402	0.851210629234	0.829886133126	0.827928470224	0.825975067857	0.822728482357	0.849203129045	0.852338251169	0.849025266447	0.845553002969	0.840076161811	0.836672617523	0.846568297661	0.844741063652	0.837903470885	0.806145226836	0.807969541363	0.774027743211	0.763749183608	0.770755445033	0.778057292761	0.774069444027	0.84848640674	0.899301720494	0.866169644255	0.854209836155	0.765160125526	0.77870749851	0.770713797936	0.76845137969	0.788129513616	0.762972986766	0.784456032846	0.784984197357	0.62460035773	0.78554684971	0.799925555142
ERR2233300	0.883054867866	0.886504244526	0.888446489979	0.893156259887	0.883158677506	0.889704561403	0.882658371874	0.889537337493	0.886845520544	0.887293707311	0.907577735849	0.875104817465	0.895987503382	0.889434332746	0.791004534345	0.798367447397	0.81473961167	0.811516364141	0.811996506366	0.797759164392	0.0	0.602816357295	0.591242992941	0.783575492361	0.800831842602	0.876101902087	0.789057902207	0.831617571303	0.804737093824	0.763506879176	0.78398205294	0.881742444837	0.891431720535	0.876351344274	0.866288847127	0.876798909923	0.890184459795	0.877571881	0.883239085371	0.879103468326	0.874406490207	0.893144966399	0.879767643845	0.891407947935	0.891614474061	0.89207896386	0.892676548465	0.881427058002	0.885219763431	0.870267806535	0.885043524845	0.825345530212	0.875596002774	0.895471314191	0.892600661415	0.889304360153	0.885327557909	0.86058218379	0.832327857296	0.898748957479	0.899870155374	0.892221099061	0.889292934171	0.89593641856	0.895062002996	0.89138581388	0.89183131099	0.893063308913	0.877259109567	0.56607640347	0.65157949827	0.671145873323	0.680794980868	0.689158011035	0.687783230283	0.650134150906	0.751265329888	0.678005830152	0.678584476595	0.738267408029	0.709503525093	0.680827310365	0.665733412856	0.741904512073	0.744247830008	0.725961687987	0.73822714755	0.800658509303	0.858956641263	0.858694638421
ERR2233301	0.909632380498	0.912147859295	0.91442166803	0.914039374994	0.908746284279	0.915092615424	0.908425885985	0.914634413558	0.912194445442	0.914179311311	0.922534220571	0.890651930351	0.917805790113	0.912997972009	0.827537796696	0.836361872615	0.852314500057	0.85766070887	0.851777620924	0.834808118852	0.602816357295	0.0	0.666927254874	0.827249570387	0.845732769733	0.901183557846	0.831074858513	0.843689034181	0.778658228908	0.797676241939	0.834218589933	0.910794513371	0.914474296147	0.9031112792	0.882688908771	0.902705333825	0.91520707672	0.902728927016	0.909851772048	0.905587382852	0.903724463463	0.916673675919	0.906112232652	0.915481654299	0.916023409933	0.916677605023	0.91595158887	0.907104006597	0.91285592191	0.887360430332	0.906603153745	0.849840815642	0.894226434324	0.914811040877	0.907017593012	0.912701492923	0.909548478403	0.88114300297	0.855977044505	0.920885146209	0.918548675818	0.92030851777	0.913560048229	0.920535905894	0.916882152114	0.915097013559	0.91406272168	0.916866939518	0.904505511446	0.581230702084	0.726770732803	0.75003589279	0.761616447729	0.77944904648	0.760163907976	0.67001354294	0.697135049396	0.696685281448	0.705585452256	0.771811153343	0.75561558737	0.750528388309	0.739095670368	0.782251226098	0.783870504242	0.774320789967	0.776674877225	0.829250383701	0.885727286901	0.883879544952
ERR2233303	0.868930156821	0.87778469755	0.875439378351	0.878256719697	0.869702604492	0.877309274722	0.868682714862	0.876167137997	0.872525021754	0.874922037084	0.898725843894	0.867256879316	0.883944532051	0.87623801597	0.772004461059	0.770145761391	0.786061817142	0.786148764104	0.782369849289	0.776305326996	0.591242992941	0.666927254874	0.0	0.750069494483	0.777284422524	0.861018572108	0.754154253528	0.829613265038	0.819869086085	0.743637339336	0.754512085218	0.869038390969	0.878432504727	0.861886293973	0.858706815725	0.862723458968	0.874730500149	0.866087710708	0.869909523406	0.861910299849	0.86183945999	0.881000198093	0.865379980237	0.880599549265	0.879813440485	0.878487848915	0.88082571978	0.867261018556	0.871799496083	0.859479470411	0.873806380618	0.823032611301	0.866015756737	0.885905736324	0.884331404379	0.878265130108	0.872827897392	0.849596461065	0.830520509689	0.885694802009	0.889353789651	0.883306576639	0.87915856934	0.882753667322	0.882464748548	0.878615020348	0.87801561474	0.880436967371	0.86516813035	0.616068803267	0.599563761243	0.61859389097	0.619881651937	0.642751517184	0.626160559117	0.679220761992	0.801315897141	0.7132142855	0.69119737173	0.711575745086	0.679001911699	0.632729121528	0.621758535865	0.714443811394	0.72586387267	0.694069477672	0.702838858266	0.785861388326	0.845607190387	0.845734591705
ERR2233313	0.825945085587	0.838147191508	0.835873505998	0.84027526225	0.829524344971	0.834968067289	0.831071309979	0.840213279065	0.837229916232	0.834973871799	0.86609416105	0.828766548988	0.847257973555	0.841236633082	0.658917628214	0.650509169396	0.659934641237	0.663199705424	0.661508791817	0.671964579821	0.783575492361	0.827249570387	0.750069494483	0.0	0.646967011539	0.837458537208	0.623464213817	0.803065348783	0.840021420773	0.69118365577	0.661113899422	0.832645964434	0.845920813152	0.827335385938	0.821801515924	0.835674227545	0.843961934176	0.831244389913	0.838586768834	0.825512438603	0.825904719094	0.839310976621	0.824710593613	0.844351601844	0.840928556341	0.839411486792	0.842368866745	0.833120045802	0.836664325448	0.849346319926	0.852023852438	0.820106777304	0.851105541642	0.86015978909	0.863012443326	0.838791030091	0.839260821359	0.839020940533	0.829096454147	0.858138985973	0.865565568097	0.856290178454	0.856905380688	0.850650005282	0.84962479559	0.854726038911	0.852480922934	0.847488758174	0.818164102251	0.79191080423	0.742639549371	0.740097965593	0.744253597608	0.749036901323	0.744314257618	0.827554410293	0.897371348962	0.852484131924	0.838910176905	0.789567246587	0.767578640859	0.74791575002	0.750628764642	0.774908446234	0.786895776	0.763887920117	0.767767693947	0.687693687971	0.797544232929	0.804446774154
ERR2233312	0.802777730972	0.818403995279	0.812027981172	0.818243641373	0.809993788415	0.81258361397	0.811332603651	0.818474875381	0.817007846393	0.810017709846	0.853385974411	0.822515373619	0.825271527717	0.819403013121	0.668438047265	0.657031494607	0.642048388925	0.637721323747	0.624258852754	0.662609805656	0.800831842602	0.845732769733	0.777284422524	0.646967011539	0.0	0.820985180837	0.643224873841	0.801664102816	0.853860234869	0.703569410571	0.637061766552	0.807006704291	0.8276942376	0.80520864281	0.81691447876	0.81508834458	0.821342618269	0.811427694778	0.81492494166	0.80528775984	0.80091541484	0.816282792309	0.802096455542	0.824933752624	0.820873968716	0.819123348196	0.821258884435	0.809355740187	0.814048640603	0.843617610107	0.841299858872	0.815557233156	0.843321590986	0.849245045071	0.856798380442	0.818369721727	0.816382182516	0.827613393647	0.823043695692	0.840662559795	0.851429205726	0.839640773852	0.840506980854	0.830735438085	0.827923883336	0.839801457826	0.835963277109	0.829339328257	0.789916926638	0.817406365012	0.760793101268	0.750406696721	0.760313864083	0.763520739674	0.762707875423	0.850864590886	0.910295916596	0.868835289115	0.858056654019	0.805758090992	0.781358946901	0.765011043203	0.762425698668	0.792155024827	0.802369602923	0.783008550542	0.785973444708	0.668032892074	0.772387172844	0.785347323068
ERR2233258	0.712144324061	0.689649597862	0.689677996914	0.732872139507	0.681113849569	0.717061783381	0.668593343225	0.690051468037	0.679031571245	0.682325764375	0.760234930151	0.851759843007	0.718201610334	0.708066843049	0.830354940194	0.834869299567	0.819965062613	0.815169570414	0.821048464237	0.805534981647	0.876101902087	0.901183557846	0.861018572108	0.837458537208	0.820985180837	0.0	0.845091075494	0.832919073527	0.88761991757	0.826503509259	0.826295438131	0.682696261434	0.723208997488	0.670592966881	0.853177361251	0.633939212605	0.678955492518	0.65846136258	0.70928516333	0.674701366912	0.678940923609	0.723387139902	0.704904702232	0.70362486525	0.702701402507	0.69118851433	0.69840557534	0.686695251235	0.677280880111	0.783127949085	0.776354795798	0.772863110881	0.790820796613	0.789849314829	0.807687563565	0.721416266423	0.715433499283	0.76727744581	0.761830984871	0.737895156205	0.775492373083	0.732033964235	0.743195269885	0.736331932343	0.734923539068	0.726673630133	0.728665851875	0.719561008581	0.755049722177	0.886167978054	0.845369716052	0.840562018616	0.835550532233	0.838979808935	0.837943769878	0.90392401499	0.941484829237	0.910388170464	0.908541676073	0.856711209686	0.854821559566	0.853626113555	0.850505254783	0.862336815886	0.844532355031	0.86580563814	0.864247474775	0.810994448842	0.781139642559	0.768453017596
ERR2233310	0.832645491173	0.841539112262	0.838181163272	0.841011357375	0.834721306661	0.838778031172	0.833886167812	0.843692146662	0.84062390877	0.836309638847	0.866647527391	0.83056360106	0.851445558172	0.845602010551	0.666051336358	0.655520183972	0.668257163245	0.668061379032	0.654018990923	0.673286595301	0.789057902207	0.831074858513	0.754154253528	0.623464213817	0.643224873841	0.845091075494	0.0	0.804653877215	0.850938751265	0.689687292099	0.663144125947	0.835809900644	0.850622522393	0.831396269748	0.825032275732	0.839399688985	0.848740156768	0.83794417668	0.84096660067	0.830131037539	0.830803821528	0.842418765089	0.830015488658	0.848032217273	0.845849843738	0.844800971224	0.847263653658	0.83578696413	0.838745094726	0.851827756957	0.856769290705	0.827197061246	0.856496719339	0.864017214872	0.86666220893	0.844795906367	0.840607244486	0.841685917097	0.832872771949	0.861320138632	0.867069307157	0.858398167872	0.861496659866	0.851795304542	0.850500216169	0.85904948787	0.856486887553	0.848848512512	0.818546800911	0.801256035805	0.751793573583	0.743646811276	0.749633702367	0.74522903172	0.751081673917	0.834933644603	0.902615315739	0.858242922704	0.849194131924	0.79579333534	0.775593786711	0.749054120421	0.751058558221	0.788454649771	0.793376391347	0.77188407723	0.776007864218	0.685364164948	0.801619989754	0.811638964846
ERR2233317	0.804357592383	0.816515452951	0.833637895905	0.810685186407	0.801647569894	0.80749225425	0.810618425192	0.824929540269	0.826991961871	0.831041920194	0.79733273149	0.693854139675	0.832399100657	0.83253743552	0.792073412077	0.795278057378	0.793646044419	0.791089813554	0.7941711973	0.788623592669	0.831617571303	0.843689034181	0.829613265038	0.803065348783	0.801664102816	0.832919073527	0.804653877215	0.0	0.676061641433	0.812175508293	0.818987862535	0.828917991766	0.828767940396	0.823753749751	0.683014196335	0.831447300073	0.848356022016	0.821416554325	0.834063332065	0.833680389925	0.833156248557	0.810588891097	0.799831056385	0.81953995778	0.818583409048	0.82699424893	0.822751039807	0.811585618812	0.830084258714	0.767125167987	0.796108359732	0.752794078005	0.787053781968	0.800073609621	0.788354244179	0.814034817637	0.811743712965	0.757353006167	0.759069908497	0.839909803685	0.816641321372	0.845484764697	0.828926618508	0.82833748288	0.820001036468	0.82727570213	0.832410098345	0.828160677973	0.787277516738	0.833518245343	0.835430470134	0.838550878428	0.839022147784	0.843886651165	0.833416686225	0.877527801528	0.904896703444	0.884531970091	0.883899171764	0.834728346794	0.822393098036	0.83181184164	0.83238528665	0.820808466555	0.817699416501	0.826682021284	0.825422286158	0.796105632824	0.720001821574	0.740796971548
ERR2233316	0.876562876147	0.883580658985	0.892031409931	0.881983018528	0.872321554998	0.879623060412	0.88017654208	0.885994996875	0.887443299323	0.891681897703	0.872930631594	0.796619309156	0.892474552523	0.890569322443	0.839436192788	0.84267892451	0.855145815894	0.855130271427	0.850387828101	0.841752238859	0.804737093824	0.778658228908	0.819869086085	0.840021420773	0.853860234869	0.88761991757	0.850938751265	0.676061641433	0.0	0.830922559294	0.858711636059	0.88709158338	0.889632277437	0.88173845814	0.787476356538	0.884888484734	0.899940334799	0.881191295826	0.894187137683	0.887148519408	0.886946390527	0.881433496476	0.872145181252	0.887578085349	0.884754552686	0.889644788752	0.886751515073	0.879318365187	0.890669195134	0.833445296885	0.862346402629	0.804201513354	0.854476031279	0.869783211171	0.85542278855	0.880554643985	0.876940010393	0.827427712728	0.803144921175	0.891405805179	0.880243340739	0.896542826334	0.885111237061	0.890301519274	0.884880057544	0.884661524453	0.886573021645	0.887816275126	0.86132748497	0.790767041547	0.845893242187	0.856485946942	0.859027138183	0.869470094724	0.851272725821	0.843979532476	0.84736453632	0.851832834751	0.853901539515	0.846029386158	0.839544990507	0.847573608763	0.842777561077	0.847863123262	0.839965204654	0.851695322357	0.850572915601	0.839238061205	0.825806474734	0.832911678074
