	ERR2233238	ERR2233239	ERR2233230	ERR2233231	ERR2233232	ERR2233233	ERR2233234	ERR2233235	ERR2233236	ERR2233237	ERR2233259	ERR2233319	ERR2233251	ERR2233229	ERR2233308	ERR2233309	ERR2233304	ERR2233305	ERR2233306	ERR2233307	ERR2233300	ERR2233301	ERR2233303	ERR2233313	ERR2233312	ERR2233258	ERR2233310	ERR2233317	ERR2233316	ERR2233315	ERR2233314	ERR2233252	ERR2233253	ERR2233250	ERR2233318	ERR2233256	ERR2233257	ERR2233254	ERR2233255	ERR2233249	ERR2233248	ERR2233241	ERR2233240	ERR2233243	ERR2233242	ERR2233245	ERR2233244	ERR2233247	ERR2233246	ERR2233278	ERR2233279	ERR2233274	ERR2233275	ERR2233276	ERR2233277	ERR2233270	ERR2233271	ERR2233272	ERR2233273	ERR2233263	ERR2233262	ERR2233261	ERR2233260	ERR2233267	ERR2233266	ERR2233265	ERR2233264	ERR2233269	ERR2233268	ERR2233299	ERR2233296	ERR2233297	ERR2233295	ERR2233292	ERR2233293	ERR2233290	ERR2233291	ERR2233289	ERR2233288	ERR2233285	ERR2233284	ERR2233287	ERR2233286	ERR2233281	ERR2233280	ERR2233283	ERR2233282	ERR2233311	ERR2233320	ERR2233321
ERR2233238	0.0	0.159401635733	0.189660365292	0.128050058418	0.147270537568	0.123595075057	0.172087039222	0.14768390097	0.198459613041	0.173578152526	0.31584178926	0.438787144397	0.184602629621	0.190060693154	0.534053265703	0.499556090657	0.395932594952	0.382735693202	0.372123161057	0.40824923999	0.623289198187	0.708282830804	0.641780302275	0.477470593633	0.3837493085	0.304553441286	0.489602378697	0.339006698207	0.363614444586	0.499051208032	0.421641517769	0.200965624224	0.200520083722	0.214036298625	0.425962232374	0.271711231107	0.238514990805	0.263215719716	0.218482947196	0.224630682578	0.206871198041	0.115957410272	0.0991847955397	0.157511772317	0.135091219045	0.170997742583	0.141364156122	0.155109827473	0.186098570012	0.36630202833	0.320903181982	0.31617255678	0.394746684532	0.328370620059	0.373627507752	0.194674075329	0.212180091571	0.328022651248	0.362027756316	0.270902085474	0.327561518226	0.284350896052	0.285243384283	0.212793135857	0.213181045717	0.282444783371	0.271049508733	0.225629175231	0.215124753268	0.706596574119	0.551412125399	0.545866961369	0.567470955506	0.574132430803	0.559121964493	0.709284009953	0.649721393053	0.701604413553	0.700308281277	0.552473574488	0.561039477091	0.599037846929	0.572883890774	0.556067746721	0.501378249069	0.650210502826	0.569810993129	0.447208213494	0.309175236037	0.317432979645
ERR2233239	0.159401635733	0.0	0.224594773183	0.191827535111	0.120574887848	0.185663902836	0.127591328765	0.185191348572	0.2143045583	0.197630851177	0.287595307731	0.482892898663	0.207197291689	0.210921664618	0.537089393306	0.509842338049	0.434609531327	0.41536437789	0.387707058198	0.355681046654	0.623507561781	0.702882887258	0.646300642281	0.48384305636	0.403700354819	0.230723669109	0.49655511204	0.389685762494	0.411616858601	0.437779812311	0.436774288252	0.223679549886	0.215890535759	0.219509532434	0.460397673209	0.198382891396	0.244035071332	0.191127879759	0.233818301917	0.233465764079	0.208697988248	0.177910396523	0.148758612094	0.198168034247	0.18368397505	0.210121740855	0.186996857066	0.195546470936	0.207183534622	0.41242980239	0.369857313285	0.359192078998	0.437864534127	0.378011890632	0.423424802851	0.248338288589	0.253137497504	0.372069564471	0.386407141718	0.30672154656	0.373465100967	0.312430708802	0.325831127372	0.255031293544	0.258501404622	0.318801559366	0.307152943443	0.260192446279	0.278117932639	0.701163234936	0.558907670278	0.551400797758	0.575277146299	0.57977980728	0.56623006104	0.702551295	0.596474442778	0.695186119778	0.694274365723	0.511800307842	0.571227064529	0.60330077703	0.580980828798	0.586002149629	0.464623914105	0.670627858965	0.59613706821	0.387417513291	0.339948847626	0.343301963633
ERR2233230	0.189660365292	0.224594773183	0.0	0.227947685444	0.215373227473	0.187027626734	0.200121848196	0.133988422363	0.128482548023	0.118911339684	0.363337672714	0.486845743388	0.189773243111	0.196183246694	0.556297167768	0.520438823681	0.394556690168	0.385223058007	0.38555349885	0.425380701269	0.6433220761	0.731953748467	0.662235195288	0.494521609545	0.387666079186	0.24904333763	0.500155755158	0.389944040531	0.419498180605	0.518085907821	0.417528466199	0.115680155907	0.235928879023	0.149427963191	0.484547403645	0.221486960565	0.167288040185	0.276912320916	0.222969906093	0.146413170462	0.135646345583	0.196151602291	0.181487837041	0.150261434908	0.164984106903	0.125125234697	0.170162355684	0.161574757579	0.127275906198	0.396027299501	0.348283085955	0.333514961163	0.400746633439	0.354411332747	0.408439706337	0.214085709025	0.217591930321	0.337733914763	0.374742092074	0.221974003949	0.367157332339	0.214829090079	0.266167938371	0.228583349032	0.24575983595	0.227738937637	0.221161702857	0.219398540136	0.249777907441	0.733166689711	0.565380659662	0.559013499231	0.569799829086	0.584219175428	0.574851163261	0.712829784662	0.661365590124	0.704861461331	0.70266857903	0.589896181475	0.599769116227	0.61969570941	0.600256708639	0.599277222818	0.545403425334	0.687818984861	0.616799889935	0.454391309967	0.336996941204	0.326258977115
ERR2233231	0.128050058418	0.191827535111	0.227947685444	0.0	0.161331635564	0.121376459066	0.205994372526	0.174657757393	0.244376032859	0.217003279086	0.292581233156	0.43155518341	0.220423266969	0.228672998771	0.557267152541	0.524221795077	0.420891558073	0.415115978929	0.400329753072	0.430786640785	0.654310298638	0.725027916028	0.674344280286	0.501114576318	0.417721883996	0.348540510936	0.515600771623	0.338359191485	0.382715121133	0.522547261731	0.461904170832	0.243381901034	0.225512247379	0.261870000408	0.436503141192	0.317125437605	0.286507101712	0.303865344686	0.264998337019	0.276468152402	0.255361745769	0.11112048773	0.139669084271	0.170286514773	0.141187755186	0.201115506761	0.144951703231	0.168279767995	0.223944565231	0.352463574843	0.308069036341	0.331856618005	0.378211445554	0.314692317404	0.355908231728	0.212148718159	0.24447311786	0.32208340105	0.390410008193	0.295905141475	0.313755567784	0.312428829335	0.290749203273	0.243104945383	0.231909512292	0.297552735536	0.285153776409	0.258035687553	0.238042807871	0.720776120815	0.586315999572	0.582285084572	0.604201792922	0.609924949178	0.595017286327	0.734047630366	0.670244339354	0.726844344475	0.727128337743	0.563784935287	0.579924882794	0.633887225902	0.610565844275	0.556153694896	0.51322663487	0.642332290752	0.561425311855	0.473573374358	0.329148073219	0.339505120024
ERR2233232	0.147270537568	0.120574887848	0.215373227473	0.161331635564	0.0	0.155537055967	0.114343917752	0.171225024697	0.227179052672	0.205915952021	0.262099396628	0.46037615224	0.220812321925	0.217020141344	0.540247637096	0.509809984307	0.414927436919	0.404290786076	0.389234628369	0.351436204014	0.63429527992	0.712741033831	0.655553742557	0.48384680341	0.40521200241	0.247130265664	0.499395504523	0.363557939173	0.390462964937	0.439865080218	0.44449758509	0.231294881317	0.230433858371	0.24367906478	0.442154961516	0.217674494574	0.267189092418	0.202759299151	0.258777299119	0.256328674569	0.237690533386	0.146735809006	0.149909269444	0.180543026071	0.162334060576	0.197112809182	0.166735308806	0.185112657089	0.211927132105	0.385232932805	0.339127120549	0.342757653476	0.404909855861	0.350545335802	0.391835728922	0.228024401168	0.243610285719	0.346786189989	0.386090862409	0.292192105771	0.347206468448	0.303305753792	0.305171043584	0.243241773576	0.238400285354	0.299959180053	0.29024006855	0.256102483438	0.253811828462	0.711192022711	0.569257951942	0.565441982791	0.586969674566	0.593268532517	0.579355711507	0.713547217757	0.603094104082	0.705752233794	0.705398163115	0.500470929921	0.573105472574	0.616231800957	0.595194282301	0.572060441029	0.449523307576	0.659700517939	0.579010528385	0.388256497475	0.329621192743	0.338109565854
ERR2233233	0.123595075057	0.185663902836	0.187027626734	0.121376459066	0.155537055967	0.0	0.178722192127	0.137921650201	0.202828166406	0.174629647457	0.306569041446	0.434607834853	0.201644431994	0.210367690076	0.557673787919	0.524564336995	0.410439961187	0.404012562164	0.394200501734	0.429772481315	0.649536267138	0.729868002268	0.670131697984	0.49965605112	0.406164332147	0.319766530003	0.514405703154	0.334434944003	0.382828225177	0.523560271207	0.44837390571	0.201405998174	0.223008469513	0.219760091745	0.442827354109	0.288132383702	0.248392941847	0.285602623787	0.248484824174	0.233614078184	0.212837036614	0.105426178263	0.128052708531	0.129744886757	0.106836501033	0.160031172515	0.114908482054	0.137121787033	0.18695001332	0.349168646443	0.306373400802	0.324377349825	0.370669712261	0.313889058074	0.361110224562	0.189910547906	0.218004022432	0.309974987	0.378868536168	0.261343878519	0.310086296513	0.276475235701	0.263316356113	0.225994062447	0.2210914716	0.263989357347	0.250082117856	0.231084361026	0.231182418597	0.727654447498	0.581966692626	0.576353671005	0.599351262042	0.605040014264	0.590632097092	0.732091569541	0.670872371696	0.724608121398	0.724233091787	0.572437406004	0.585438008446	0.62907672156	0.604511054771	0.556978771663	0.519761108704	0.649773590118	0.567428517229	0.47031656173	0.31514585936	0.321579608785
ERR2233234	0.172087039222	0.127591328765	0.200121848196	0.205994372526	0.114343917752	0.178722192127	0.0	0.166437920941	0.203178883565	0.181235856755	0.288856485427	0.473574274557	0.214813111453	0.208712498372	0.545240821046	0.516524461181	0.424807825204	0.406343443563	0.396244320367	0.344684342025	0.632620193366	0.716805686579	0.656425685862	0.487496710517	0.407772849247	0.201781393634	0.502591480259	0.388496361729	0.404985278459	0.429447910657	0.438703448163	0.206094205783	0.231538873713	0.2168157612	0.457154740208	0.171842550958	0.240504415967	0.171839770941	0.243791622766	0.228803391817	0.210777587205	0.180955526188	0.16599021889	0.181891643428	0.173241057509	0.182467419779	0.171086374787	0.181161668167	0.191598501182	0.415274592284	0.371648024749	0.36312881931	0.432914207756	0.381793384555	0.426421826321	0.238908919425	0.240041885322	0.371643706232	0.394086492391	0.28421163287	0.369655142707	0.288486951928	0.303417702569	0.247289231835	0.255418424026	0.297214730827	0.28407130047	0.243940505085	0.269022462367	0.715774971301	0.570929779864	0.563976094411	0.58279234599	0.587563328247	0.57737460038	0.705646988962	0.586370172139	0.697749738222	0.697168440628	0.506742307198	0.582691484594	0.615023271241	0.591740001819	0.592363903699	0.45702902341	0.67971598694	0.602406581767	0.376298212796	0.335429323086	0.337997343587
ERR2233235	0.14768390097	0.185191348572	0.133988422363	0.174657757393	0.171225024697	0.137921650201	0.166437920941	0.0	0.139795857294	0.117588409505	0.344765261852	0.471707944738	0.18494790038	0.185608254763	0.562461504792	0.531030301846	0.408114146111	0.399466338629	0.395101625101	0.434708430748	0.645978214755	0.731682342251	0.668034372528	0.503402487004	0.401548855809	0.26845066616	0.513259665467	0.373906719058	0.407221901782	0.525710822976	0.435230679669	0.147572738376	0.204401522374	0.161481402156	0.47135919742	0.236212875498	0.185531682351	0.265678643854	0.210092945086	0.174133381409	0.153704955082	0.146425620224	0.137915188036	0.118085198785	0.11675064462	0.10837704256	0.117670147476	0.120244859721	0.12420146675	0.386438636116	0.337375455674	0.336447630116	0.399499257939	0.348362824748	0.400391806124	0.199352480032	0.209070138903	0.338286896839	0.379403860853	0.234751416016	0.348197830046	0.236519223556	0.263890181826	0.21765905544	0.222915602558	0.24576749079	0.233058718715	0.215436981808	0.249950213578	0.731374065748	0.575499241278	0.567791063125	0.583091136692	0.592796693105	0.58309118587	0.72214826289	0.663660420805	0.713602579483	0.712521874146	0.584499136323	0.594761029203	0.623857078003	0.599534439351	0.590098877951	0.537263119991	0.679338546068	0.606350183401	0.466779424095	0.326943519224	0.327235783968
ERR2233236	0.198459613041	0.2143045583	0.128482548023	0.244376032859	0.227179052672	0.202828166406	0.203178883565	0.139795857294	0.0	0.106643037669	0.392070872157	0.51018500687	0.198398959547	0.191156358195	0.559952556479	0.527113752146	0.414806285094	0.398511493196	0.389663121253	0.432605990072	0.641817272385	0.731763363082	0.660592213732	0.502441096395	0.390310480951	0.227270920099	0.504580342631	0.409492013542	0.435258551634	0.521364562993	0.41696806457	0.11964552116	0.229187368774	0.123753798225	0.501145327639	0.202013946592	0.136136868172	0.268659399608	0.205243302625	0.12335435677	0.124011980517	0.210566365865	0.188999839071	0.166028292409	0.18035600055	0.135562973971	0.18120929637	0.169135056511	0.101593740845	0.426222608699	0.377933109292	0.359971103089	0.434449387556	0.386016699981	0.439891304396	0.237716090703	0.234200208184	0.366177784088	0.382658586194	0.240985623604	0.3910354831	0.232211995629	0.290193990566	0.246585971094	0.266442500044	0.246134747887	0.24119620508	0.233065932796	0.278046122086	0.732028190804	0.56305359433	0.556966793469	0.565929960197	0.579926894217	0.572110818756	0.709890721671	0.659250924107	0.700998379935	0.699748200743	0.602333906245	0.604624778555	0.617541335316	0.593998475677	0.617437505112	0.559388574637	0.704063373205	0.635193945049	0.456515586185	0.348509496762	0.335943077461
ERR2233237	0.173578152526	0.197630851177	0.118911339684	0.217003279086	0.205915952021	0.174629647457	0.181235856755	0.117588409505	0.106643037669	0.0	0.375844255708	0.492342915994	0.193255666689	0.186617724538	0.560590936026	0.525783274438	0.407428140978	0.391385002359	0.386459334887	0.431509712134	0.641941355705	0.733446828404	0.661550618201	0.500106178458	0.389282978367	0.241746249705	0.505290839803	0.393587554483	0.421680495173	0.522139317061	0.418333029593	0.118366345226	0.224086263671	0.125668097459	0.48435480093	0.210722641253	0.151787081335	0.266257735232	0.201672090433	0.133556030987	0.123953390146	0.185313474752	0.163286061719	0.148954958196	0.157046905392	0.120760485848	0.158507788677	0.147043301865	0.101827401066	0.415134631361	0.367121499647	0.355030568353	0.424820255864	0.375116507245	0.429295741118	0.224045900884	0.222818509455	0.359921216553	0.385604438595	0.241858912049	0.379059525802	0.234741186399	0.282712973451	0.233241176702	0.251046545352	0.248427973253	0.241434144275	0.224702317433	0.259713366999	0.732143986808	0.5669978805	0.558487861519	0.57077816078	0.58204906916	0.574045866468	0.712046389425	0.661430540169	0.703296509973	0.702090569662	0.595148052057	0.597558446877	0.617677881687	0.592766218778	0.60630302246	0.550042758042	0.69360168277	0.623696612338	0.458518979973	0.331624962658	0.330498164721
ERR2233259	0.31584178926	0.287595307731	0.363337672714	0.292581233156	0.262099396628	0.306569041446	0.288856485427	0.344765261852	0.392070872157	0.375844255708	0.0	0.442636727584	0.339795852259	0.363812229639	0.63522422484	0.599723682173	0.503580767942	0.503089312489	0.504016499804	0.450496632981	0.716082029847	0.784596898176	0.734128864233	0.583604377468	0.52097496641	0.371641385436	0.599280447666	0.374579569909	0.425058116311	0.525607981701	0.561573739094	0.379807429678	0.356200274708	0.415402938359	0.466490641642	0.352776815308	0.422452672113	0.343380046606	0.401506198855	0.417205966084	0.405296660502	0.304585243344	0.32371461449	0.326668182968	0.316031862886	0.353257169543	0.33001710448	0.345471731637	0.377376314242	0.33323557827	0.294052509877	0.35918399694	0.360042983869	0.297010119475	0.293943648455	0.303207558038	0.327951133893	0.293982265676	0.395490605582	0.346844700159	0.300609466778	0.379134525853	0.320790439696	0.30931408816	0.304967702434	0.346307913515	0.344252284386	0.345374987256	0.330202035738	0.780993604058	0.657927923733	0.657542010022	0.67459168073	0.682985948535	0.666492137399	0.788368575986	0.669207072537	0.779703911573	0.781188852116	0.527988643521	0.615006296061	0.699963936822	0.681959007856	0.561073340732	0.468465887009	0.662016683961	0.567233825016	0.478326955375	0.417439771955	0.419639438781
ERR2233319	0.438787144397	0.482892898663	0.486845743388	0.43155518341	0.46037615224	0.434607834853	0.473574274557	0.471707944738	0.51018500687	0.492342915994	0.442636727584	0.0	0.49575368849	0.503550324333	0.601283322894	0.562985431039	0.418072107082	0.437647424097	0.54105775874	0.547572992629	0.745840973068	0.824228846299	0.766560002331	0.616683873899	0.561809248093	0.557641986086	0.632264145075	0.28112498466	0.257955149435	0.631480396791	0.59102871765	0.49551529083	0.502300500392	0.522949167592	0.20638209775	0.533221189995	0.540604729355	0.524962971525	0.512865512894	0.521199356801	0.516563248727	0.424373303476	0.44833844003	0.469840765776	0.451048510548	0.482871406246	0.459047516787	0.47143903453	0.502428539707	0.477177126028	0.477704173926	0.501396099266	0.500391607957	0.453936631206	0.467438704156	0.478465971553	0.500994162532	0.468608153926	0.54838785331	0.517028074168	0.496423274283	0.540503872295	0.507414759153	0.500966336672	0.497805436247	0.525855982495	0.516156782799	0.519753110877	0.413871793452	0.824265120602	0.692817649926	0.687948854475	0.701734450916	0.706200537364	0.694392431532	0.821649481113	0.753977232932	0.806913758067	0.808130988276	0.633596625798	0.654286479911	0.728681446767	0.698098315106	0.576155359042	0.570156610651	0.709153925345	0.59747481455	0.586292916111	0.391005765948	0.446157490459
ERR2233251	0.184602629621	0.207197291689	0.189773243111	0.220423266969	0.220812321925	0.201644431994	0.214813111453	0.18494790038	0.198398959547	0.193255666689	0.339795852259	0.49575368849	0.0	0.137843050864	0.541756531721	0.508773794542	0.426734083318	0.404791458119	0.387529032268	0.415792579956	0.625686052938	0.711845325487	0.641594928358	0.486230008302	0.389379874904	0.283377192482	0.49132278918	0.401371816117	0.425039486474	0.500688164369	0.419912131313	0.193164159316	0.155691126429	0.21148949836	0.482143778334	0.255729467271	0.215873441748	0.248705086605	0.173901842001	0.214661814979	0.206338727177	0.20490975892	0.184557863787	0.194703877458	0.191376917023	0.191260279984	0.193347041113	0.196319232962	0.195221154085	0.397029184088	0.334370412005	0.336481563593	0.414753051739	0.35042710842	0.393943481896	0.207554215778	0.210895435047	0.351908269096	0.359591758879	0.273119035267	0.362672363829	0.275489360435	0.292947426587	0.19513987725	0.210591202672	0.283726290956	0.270417494817	0.215578683098	0.248941531986	0.712661579598	0.547081701113	0.539659675525	0.557126425591	0.56588061059	0.555124712176	0.708184392865	0.647735861279	0.700322101372	0.69839117502	0.581115387692	0.584504521669	0.595688722599	0.575610547314	0.597422732663	0.537171313105	0.685248003119	0.613760016945	0.444228741803	0.348413777971	0.334845351383
ERR2233229	0.190060693154	0.210921664618	0.196183246694	0.228672998771	0.217020141344	0.210367690076	0.208712498372	0.185608254763	0.191156358195	0.186617724538	0.363812229639	0.503550324333	0.137843050864	0.0	0.544050690049	0.512293796871	0.42289273976	0.400488765952	0.384941293592	0.416233801734	0.623612933692	0.709878565634	0.640332907229	0.486036358133	0.386800016251	0.280365529277	0.491533215118	0.40729654716	0.427703295327	0.49886700821	0.412463526452	0.198582427442	0.178110389208	0.199954372338	0.483769633105	0.253774552785	0.211917821923	0.244355163006	0.172462173617	0.206495465564	0.194175223213	0.213072085048	0.190600557568	0.207282207841	0.202194487976	0.202060581155	0.191340964365	0.189808396114	0.190865848199	0.420520372171	0.361961042459	0.358777339038	0.423128674559	0.377337512557	0.42230333956	0.230991900149	0.233505272115	0.374558139344	0.385280084047	0.282110547991	0.379132367087	0.279949625911	0.301018318031	0.217258434358	0.230736430858	0.292811760515	0.279182780098	0.232548838298	0.274323029028	0.710867832413	0.546799669477	0.540559671826	0.557536693833	0.566589279873	0.555827197455	0.703135936948	0.643492966669	0.694395778761	0.692838104306	0.581725309551	0.58311619307	0.596874276419	0.576350300143	0.599895458795	0.539351420061	0.682121183315	0.614687769404	0.442585331506	0.348018988406	0.341985654248
ERR2233308	0.534053265703	0.537089393306	0.556297167768	0.557267152541	0.540247637096	0.557673787919	0.545240821046	0.562461504792	0.559952556479	0.560590936026	0.63522422484	0.601283322894	0.541756531721	0.544050690049	0.0	0.147002943426	0.452106113934	0.426101460015	0.401871966406	0.377661998536	0.59727868211	0.676111885539	0.606761589623	0.387173697052	0.419035217889	0.557665101616	0.406496747977	0.563799179367	0.553927407762	0.440540758317	0.42862869042	0.557069679631	0.55426312914	0.556541524963	0.558890503335	0.54866424998	0.562363511337	0.524623122974	0.553977096195	0.545951655269	0.55313012512	0.545139820693	0.537450814879	0.571107800742	0.565799390667	0.577049191577	0.56518608844	0.572499415658	0.568419920449	0.664857833331	0.631396087217	0.605529914762	0.668506980704	0.639727744311	0.659380974795	0.581436916322	0.583907728637	0.632318907315	0.625516238259	0.611902263467	0.662505612228	0.608149530972	0.629081373841	0.580886331492	0.590605613662	0.623675336384	0.610572502243	0.589237766284	0.539092290388	0.671382723842	0.532196937343	0.525643850036	0.546234487426	0.55133058296	0.539935936039	0.681730024279	0.637805565347	0.673617323027	0.670032445773	0.623951256935	0.619493851754	0.57173159245	0.560714566397	0.635804210801	0.573608255051	0.733612396951	0.648849964888	0.429334404299	0.532628550674	0.566574639883
ERR2233309	0.499556090657	0.509842338049	0.520438823681	0.524221795077	0.509809984307	0.524564336995	0.516524461181	0.531030301846	0.527113752146	0.525783274438	0.599723682173	0.562985431039	0.508773794542	0.512293796871	0.147002943426	0.0	0.392206469429	0.36007916527	0.335607807999	0.323306554545	0.555485935277	0.636040264679	0.559136961142	0.311001080734	0.356148307688	0.527247223444	0.319462234977	0.520167206663	0.515784927316	0.426366392766	0.373845589006	0.522259376112	0.523610467084	0.524850488409	0.521424833572	0.519163227901	0.529369546086	0.49790170078	0.518918708799	0.51312417647	0.521607971665	0.512051211043	0.504195423268	0.539202683883	0.534110817907	0.543704775884	0.534245384091	0.541141705031	0.534185791153	0.627592180282	0.594522950946	0.572448689064	0.629656951849	0.601892711778	0.620627679317	0.548925836862	0.552148410145	0.595799009948	0.591055951281	0.577726930717	0.62574842244	0.576272292609	0.595547074223	0.546895285533	0.558589856343	0.589900150175	0.576756890141	0.56106065687	0.497031411803	0.630518487127	0.468850215579	0.465121398899	0.484726880264	0.495322232925	0.479213571755	0.645111604243	0.604258786528	0.637100259874	0.63082514296	0.583303166971	0.566048673424	0.520284888031	0.504109414617	0.570490793217	0.540417580973	0.671682058246	0.578674673124	0.38536169172	0.50326615382	0.534757820601
ERR2233304	0.395932594952	0.434609531327	0.394556690168	0.420891558073	0.414927436919	0.410439961187	0.424807825204	0.408114146111	0.414806285094	0.407428140978	0.503580767942	0.418072107082	0.426734083318	0.42289273976	0.452106113934	0.392206469429	0.0	0.113342009612	0.249405942884	0.313606883178	0.649163312568	0.742971984141	0.659433335847	0.40399120186	0.268796616424	0.477366926722	0.385519945591	0.378307352507	0.365338822567	0.469851292043	0.312464215107	0.403551404848	0.454563366549	0.421271241767	0.420872760803	0.456244547138	0.431688771361	0.464293044411	0.432690322823	0.416185188273	0.410447107537	0.400656166783	0.40127816583	0.420242055499	0.417195690513	0.418324045775	0.420026685078	0.423466501999	0.416538722672	0.521185512581	0.490703866169	0.486669971716	0.522447871314	0.494862961883	0.515492897778	0.441535677617	0.459791538566	0.492285804041	0.53329018862	0.44948760276	0.519852023958	0.445601354057	0.477251067288	0.454415563964	0.465979512824	0.463270494019	0.448052269813	0.469663264437	0.403180602659	0.745213450642	0.559836948065	0.555274172491	0.570952734911	0.589174711042	0.577962276139	0.717861579059	0.675366118515	0.708426215248	0.702989640573	0.594289222049	0.598856570687	0.615709261237	0.593582488466	0.570453204235	0.528558120221	0.675584329714	0.581627062863	0.371773573787	0.393973247038	0.440367200008
ERR2233305	0.382735693202	0.41536437789	0.385223058007	0.415115978929	0.404290786076	0.404012562164	0.406343443563	0.399466338629	0.398511493196	0.391385002359	0.503089312489	0.437647424097	0.404791458119	0.400488765952	0.426101460015	0.36007916527	0.113342009612	0.0	0.201185596498	0.287351636708	0.613699896797	0.710058483517	0.623880234101	0.372848488205	0.222154043167	0.461831318816	0.354210838837	0.381930347765	0.372515737291	0.438988777423	0.259782905733	0.388806615365	0.431601307589	0.403964646618	0.422958720324	0.440579418271	0.413890327819	0.441485895068	0.413071302964	0.396956005945	0.392949117785	0.394096334125	0.387334165854	0.41309636037	0.410532040596	0.411274118888	0.413258900033	0.416018385817	0.400873324175	0.523702742105	0.488362718899	0.479444456782	0.524321048745	0.497336777983	0.516527122688	0.432948496063	0.444198751435	0.49158750558	0.512027267505	0.445797356744	0.515203605306	0.441593173246	0.471371758025	0.436591058999	0.452716566188	0.459907313154	0.44459566035	0.450628008905	0.382764388241	0.710200913963	0.519836172859	0.514755614165	0.533930198076	0.549077212297	0.536950457896	0.693390697728	0.646516340605	0.685135367622	0.679704832932	0.571176623778	0.564239451042	0.578969053903	0.554686272927	0.556385183039	0.507737975948	0.656283913903	0.563773909115	0.35040344314	0.384300788269	0.424197665299
ERR2233306	0.372123161057	0.387707058198	0.38555349885	0.400329753072	0.389234628369	0.394200501734	0.396244320367	0.395101625101	0.389663121253	0.386459334887	0.504016499804	0.54105775874	0.387529032268	0.384941293592	0.401871966406	0.335607807999	0.249405942884	0.201185596498	0.0	0.202017124375	0.574473495865	0.664223447965	0.58348796592	0.308888553317	0.140095468949	0.429033887822	0.30006372231	0.427657576612	0.446029194065	0.359775455222	0.178639736537	0.387065302904	0.402089206919	0.382917564844	0.506440270552	0.408998985509	0.392999574906	0.398237580347	0.386511352502	0.37067199903	0.380623240392	0.384503264697	0.371714533649	0.409632955346	0.404690410806	0.409163942293	0.401783244249	0.40523024672	0.399235731308	0.54277748153	0.494727407823	0.472218969506	0.543517858847	0.50748200688	0.528101982461	0.428202272188	0.435376139019	0.500327047454	0.500028814782	0.447297169494	0.514632069409	0.442065745315	0.470993192449	0.428179536542	0.439892445306	0.465674387075	0.447051769393	0.440021886877	0.369653916377	0.659002779799	0.474221667038	0.472527020692	0.505524682019	0.515924758217	0.496536941366	0.6482636738	0.607547856904	0.642301679238	0.636696099105	0.565962114057	0.550166314994	0.535552383964	0.508514105046	0.574248207652	0.521226073163	0.644136056934	0.576088486182	0.289579217957	0.381088638446	0.39785420287
ERR2233307	0.40824923999	0.355681046654	0.425380701269	0.430786640785	0.351436204014	0.429772481315	0.344684342025	0.434708430748	0.432605990072	0.431509712134	0.450496632981	0.547572992629	0.415792579956	0.416233801734	0.377661998536	0.323306554545	0.313606883178	0.287351636708	0.202017124375	0.0	0.57102906964	0.653967643799	0.583664402465	0.303124620843	0.254352403048	0.319817450738	0.317200799598	0.454314351463	0.459167361578	0.21030791904	0.282836984795	0.427255671944	0.428286244846	0.429024519293	0.508752734349	0.327980664039	0.435705461886	0.287013843846	0.425756107231	0.417629214159	0.426117695016	0.416904966148	0.410097641535	0.441478265857	0.43896013998	0.447367489101	0.438254985489	0.44455137394	0.43966366505	0.556021307132	0.513658714802	0.486168225025	0.557291004742	0.52366685111	0.544354093616	0.454735193331	0.458726483012	0.517462118742	0.506211444379	0.481294978528	0.532433682126	0.479289963298	0.499360419874	0.454082447058	0.462520581367	0.49630091154	0.481369742297	0.464610742216	0.406960528315	0.648374238652	0.492931506892	0.488466791848	0.517416289785	0.523852538669	0.507665641414	0.643866507278	0.476862717801	0.637600584347	0.633695646331	0.445707866584	0.554125294292	0.544596833752	0.526631438919	0.576401431111	0.389415338822	0.656495324287	0.576840622553	0.166595407418	0.421322189537	0.436642098454
ERR2233300	0.623289198187	0.623507561781	0.6433220761	0.654310298638	0.63429527992	0.649536267138	0.632620193366	0.645978214755	0.641817272385	0.641941355705	0.716082029847	0.745840973068	0.625686052938	0.623612933692	0.59727868211	0.555485935277	0.649163312568	0.613699896797	0.574473495865	0.57102906964	0.0	0.22470832437	0.139011146816	0.375639792737	0.57700310044	0.629536590964	0.364808441358	0.68895448467	0.672257264324	0.51549862247	0.540317523001	0.638207353878	0.633649682756	0.630288560439	0.702929033694	0.625094023288	0.638015819523	0.604982813599	0.628303387633	0.622661028472	0.628687666639	0.638291673618	0.625936089936	0.657047032694	0.652396719074	0.659148835629	0.650410671836	0.655390632919	0.649012339488	0.743076033099	0.716142777968	0.68287292647	0.751594675558	0.721542536639	0.74387856157	0.668961756089	0.668612809041	0.71015667621	0.698104385602	0.693004465918	0.744643206978	0.690967197491	0.711853723535	0.667924981408	0.676820287214	0.704940226352	0.693431261802	0.672403506277	0.650439367908	0.229700338267	0.244124022927	0.241346474084	0.242578528001	0.212799965776	0.218148165159	0.262609280566	0.367944174421	0.342381373392	0.318915457087	0.638452257577	0.567130589234	0.199153832371	0.213429225827	0.64315757531	0.613304468813	0.711712630796	0.598584150587	0.580937783188	0.653579910153	0.653899898592
ERR2233301	0.708282830804	0.702882887258	0.731953748467	0.725027916028	0.712741033831	0.729868002268	0.716805686579	0.731682342251	0.731763363082	0.733446828404	0.784596898176	0.824228846299	0.711845325487	0.709878565634	0.676111885539	0.636040264679	0.742971984141	0.710058483517	0.664223447965	0.653967643799	0.22470832437	0.0	0.181955730379	0.505748326183	0.667031888998	0.716768774278	0.456027127918	0.76087794815	0.749642062976	0.60491275289	0.641885921142	0.729174292842	0.71957043097	0.722641131286	0.778566917264	0.71190919508	0.728736500393	0.689664023754	0.720247590415	0.714185566888	0.719064940133	0.71614495094	0.708712624712	0.738634825938	0.73348225442	0.745961830226	0.732202936601	0.741577805728	0.739128059562	0.81389227459	0.79115964356	0.760386103724	0.824460743364	0.795014599267	0.815112677108	0.751651720634	0.752067230567	0.786902929977	0.778726370444	0.779122958979	0.821095454076	0.779211196964	0.79501881216	0.752545831909	0.758370185129	0.790815701163	0.779940835706	0.755741589438	0.733093266715	0.0864314417885	0.355942246286	0.351402993983	0.353746341736	0.322786939776	0.328335544339	0.294717369747	0.447304853332	0.422922438007	0.408231707054	0.705365663367	0.646532490872	0.294906086349	0.321456287777	0.72538433453	0.686372959162	0.7919721843	0.674186775247	0.661830512749	0.728363270893	0.735117368335
ERR2233303	0.641780302275	0.646300642281	0.662235195288	0.674344280286	0.655553742557	0.670131697984	0.656425685862	0.668034372528	0.660592213732	0.661550618201	0.734128864233	0.766560002331	0.641594928358	0.640332907229	0.606761589623	0.559136961142	0.659433335847	0.623880234101	0.58348796592	0.583664402465	0.139011146816	0.181955730379	0.0	0.425822467507	0.587889434915	0.651382435275	0.372979708789	0.709531605475	0.693414411663	0.534183439284	0.548705340906	0.658282484486	0.65181625195	0.651379524381	0.723982761946	0.646400795694	0.656319992681	0.624989571004	0.64387318235	0.642396411038	0.650604535369	0.659378569335	0.645525666265	0.679092065057	0.673323713607	0.68156091487	0.672437749249	0.677108932649	0.668602281452	0.760052082869	0.731157729045	0.698769314887	0.762650269567	0.737859434793	0.75661333564	0.685800600124	0.684771979992	0.725774632701	0.7134256709	0.707265140563	0.759143264574	0.708246564545	0.725964371514	0.682842022259	0.694177463703	0.717890251544	0.707218464747	0.692625944525	0.662075307141	0.177681183229	0.241019415851	0.238869291184	0.229427758005	0.195518430235	0.202425398109	0.244877507983	0.405590025445	0.37476805854	0.349445923524	0.64774570139	0.574993872181	0.190434963955	0.217019901199	0.656617942246	0.628485721507	0.726400604461	0.606995532511	0.59407853422	0.679245071909	0.680607584831
ERR2233313	0.477470593633	0.48384305636	0.494521609545	0.501114576318	0.48384680341	0.49965605112	0.487496710517	0.503402487004	0.502441096395	0.500106178458	0.583604377468	0.616683873899	0.486230008302	0.486036358133	0.387173697052	0.311001080734	0.40399120186	0.372848488205	0.308888553317	0.303124620843	0.375639792737	0.505748326183	0.425822467507	0.0	0.338845105461	0.499681280011	0.180544105919	0.538587118764	0.535384967787	0.368608513099	0.345672418915	0.497533960775	0.495569581218	0.498511081522	0.559335171779	0.491582681875	0.504356494132	0.46969292478	0.496301332768	0.486707254441	0.494310452887	0.487334487239	0.480744925246	0.511838507799	0.508383519494	0.516467508153	0.507749571834	0.514467018333	0.508824579788	0.61704855051	0.580662497859	0.554649708569	0.615497426033	0.589135130265	0.612978387716	0.527340211493	0.531614672501	0.582924169294	0.576696319981	0.553041497899	0.603762578583	0.549062801835	0.56907365871	0.526441806147	0.535911311003	0.565699803546	0.551745376037	0.537167565875	0.48222789002	0.508362527423	0.35915649596	0.34886576182	0.367791404146	0.375107802434	0.363803402754	0.487843909573	0.457749035754	0.481165509996	0.469960225781	0.568467297252	0.498192455868	0.399302046525	0.389236528743	0.562441234023	0.53458744802	0.607580112294	0.484683798358	0.373415308444	0.502341375834	0.511786738939
ERR2233312	0.3837493085	0.403700354819	0.387666079186	0.417721883996	0.40521200241	0.406164332147	0.407772849247	0.401548855809	0.390310480951	0.389282978367	0.52097496641	0.561809248093	0.389379874904	0.386800016251	0.419035217889	0.356148307688	0.268796616424	0.222154043167	0.140095468949	0.254352403048	0.57700310044	0.667031888998	0.587889434915	0.338845105461	0.0	0.432088416338	0.30847253775	0.431795691891	0.460764136536	0.400094515021	0.169134295537	0.38735568904	0.411759647263	0.382539921634	0.529107755984	0.415307202518	0.391609726922	0.40357062631	0.388599381804	0.36892828923	0.379629335172	0.398812152054	0.384765664982	0.419592825287	0.413915703877	0.412934991566	0.410657148801	0.412237153343	0.401040096861	0.547346688797	0.500564030472	0.478019349811	0.544119423418	0.512533844956	0.538925768852	0.433313386486	0.440183080924	0.504567666665	0.504374241872	0.452953879584	0.536083130771	0.439927492651	0.481276308011	0.433181555994	0.448164351099	0.470350364564	0.450247163918	0.441477174708	0.379461149436	0.665184428666	0.476958127625	0.476582548816	0.510451252457	0.521283587708	0.504263504548	0.676397582108	0.62769249123	0.67110825713	0.665018957565	0.582339556155	0.576767049926	0.540721698164	0.514775145985	0.592244423884	0.538403987502	0.673427371889	0.605044716091	0.291057142967	0.372700362694	0.380931754002
ERR2233258	0.304553441286	0.230723669109	0.24904333763	0.348540510936	0.247130265664	0.319766530003	0.201781393634	0.26845066616	0.227270920099	0.241746249705	0.371641385436	0.557641986086	0.283377192482	0.280365529277	0.557665101616	0.527247223444	0.477366926722	0.461831318816	0.429033887822	0.319817450738	0.629536590964	0.716768774278	0.651382435275	0.499681280011	0.432088416338	0.0	0.512057652261	0.478562135717	0.489268161346	0.387744655459	0.444275911521	0.234183670475	0.297187896081	0.233414205711	0.540160409466	0.100240488782	0.210533634666	0.142459924373	0.269305981018	0.225537212505	0.238164160176	0.318841855222	0.296451062614	0.286627286824	0.297501784339	0.263137465179	0.29782297792	0.2889608328	0.235221117921	0.498574851037	0.454128988618	0.433169460345	0.505658652294	0.462327261121	0.508384677955	0.344368068922	0.335984790002	0.445761070121	0.439268230664	0.341365682744	0.463085375827	0.326481379807	0.380389334419	0.345103921958	0.361367953792	0.344427863572	0.341965726489	0.336761773983	0.376218939614	0.71943739573	0.563255764573	0.555958400152	0.561121660609	0.575880029768	0.569347279272	0.683921546429	0.533776993553	0.674408749556	0.673697598179	0.513151269889	0.624498731651	0.61083225315	0.593358810328	0.649230455221	0.471169999082	0.733120149374	0.659975297898	0.333678872151	0.419792689759	0.407558173307
ERR2233310	0.489602378697	0.49655511204	0.500155755158	0.515600771623	0.499395504523	0.514405703154	0.502591480259	0.513259665467	0.504580342631	0.505290839803	0.599280447666	0.632264145075	0.49132278918	0.491533215118	0.406496747977	0.319462234977	0.385519945591	0.354210838837	0.30006372231	0.317200799598	0.364808441358	0.456027127918	0.372979708789	0.180544105919	0.30847253775	0.512057652261	0.0	0.550060488711	0.547248879906	0.399468793058	0.316407535832	0.502360389228	0.506713402127	0.499081597333	0.585399192716	0.501746600914	0.505215585486	0.484404343035	0.497484592183	0.487771959851	0.496338707076	0.502685552452	0.492251721486	0.526097788288	0.521257750491	0.525700251778	0.520340342405	0.524721244921	0.514703016418	0.633774941226	0.593277841794	0.565429098126	0.636018379971	0.603301248058	0.626915817917	0.535938453802	0.538852994481	0.596423138214	0.587862468827	0.561235603219	0.624595202332	0.554665286477	0.582829777061	0.532513963037	0.545385255669	0.574847355871	0.560282185216	0.541890537727	0.487878779463	0.456455921509	0.292116467205	0.28384240312	0.308526452622	0.317134094046	0.302914985992	0.486054341607	0.444404762803	0.490838676586	0.479114034478	0.587635631527	0.517458081976	0.342004529726	0.33075435942	0.581231701242	0.553726309086	0.649465962402	0.528126032094	0.350420044935	0.507797909972	0.518091512388
ERR2233317	0.339006698207	0.389685762494	0.389944040531	0.338359191485	0.363557939173	0.334434944003	0.388496361729	0.373906719058	0.409492013542	0.393587554483	0.374579569909	0.28112498466	0.401371816117	0.40729654716	0.563799179367	0.520167206663	0.378307352507	0.381930347765	0.427657576612	0.454314351463	0.68895448467	0.76087794815	0.709531605475	0.538587118764	0.431795691891	0.478562135717	0.550060488711	0.0	0.170386920442	0.556555013863	0.479709043041	0.398666186116	0.414274418289	0.422421226559	0.292006688669	0.45233016676	0.441653941571	0.446474698465	0.427104460344	0.421350428695	0.414800103672	0.328844323584	0.345476645788	0.369697779207	0.355788501444	0.386754482422	0.359190617709	0.369372634179	0.401259905504	0.393554581883	0.394677310317	0.394106753844	0.411882006504	0.373399881009	0.388449946964	0.379985416257	0.404024833629	0.367982518042	0.441013948814	0.417427146748	0.417732544701	0.439337020658	0.420386687731	0.405142255139	0.400586303717	0.42278076871	0.413585349661	0.421109724559	0.331297738327	0.760220562637	0.625813922108	0.626597079905	0.644808346007	0.653796167922	0.637717546105	0.765928358021	0.702581506615	0.758444940092	0.757827076633	0.577777336402	0.59535729517	0.667543047348	0.640207290784	0.542159170926	0.512011081159	0.659446857952	0.560056974051	0.496886157308	0.254684899953	0.2936456912
ERR2233316	0.363614444586	0.411616858601	0.419498180605	0.382715121133	0.390462964937	0.382828225177	0.404985278459	0.407221901782	0.435258551634	0.421680495173	0.425058116311	0.257955149435	0.425039486474	0.427703295327	0.553927407762	0.515784927316	0.365338822567	0.372515737291	0.446029194065	0.459167361578	0.672257264324	0.749642062976	0.693414411663	0.535384967787	0.460764136536	0.489268161346	0.547248879906	0.170386920442	0.0	0.551603130155	0.48920665795	0.424278338855	0.435100681827	0.443686841007	0.255387393995	0.462596198608	0.463673293897	0.45901351039	0.446766922245	0.443108994285	0.436977508487	0.365665135807	0.371592928146	0.407278788165	0.39586252298	0.419336515652	0.399413907231	0.410793413492	0.430578085864	0.454809599135	0.448028061017	0.42676500827	0.480640122989	0.436980984372	0.447137715722	0.419167196828	0.429418408195	0.42762744004	0.46265164424	0.454150371651	0.468418756936	0.472530033314	0.46936115777	0.434112208502	0.432932859673	0.468360568905	0.458235179739	0.447720532699	0.349579297221	0.751986382205	0.61452806728	0.612855057827	0.63081230922	0.640259556514	0.624669537864	0.747580432745	0.683748963101	0.735871436566	0.735671966002	0.579108894489	0.590887145456	0.656338192062	0.624308031144	0.567087892751	0.515097595182	0.687430033866	0.581144581046	0.503480300319	0.283295894713	0.338769605073
