	ERR2233238	ERR2233239	ERR2233230	ERR2233231	ERR2233232	ERR2233233	ERR2233234	ERR2233235	ERR2233236	ERR2233237	ERR2233259	ERR2233319	ERR2233251	ERR2233229	ERR2233308	ERR2233309	ERR2233304	ERR2233305	ERR2233306	ERR2233307	ERR2233300	ERR2233301	ERR2233303	ERR2233313	ERR2233312	ERR2233258	ERR2233310	ERR2233317	ERR2233316	ERR2233315	ERR2233314	ERR2233252	ERR2233253	ERR2233250	ERR2233318	ERR2233256	ERR2233257	ERR2233254	ERR2233255	ERR2233249	ERR2233248	ERR2233241	ERR2233240	ERR2233243	ERR2233242	ERR2233245	ERR2233244	ERR2233247	ERR2233246	ERR2233278	ERR2233279	ERR2233274	ERR2233275	ERR2233276	ERR2233277	ERR2233270	ERR2233271	ERR2233272	ERR2233273	ERR2233263	ERR2233262	ERR2233261	ERR2233260	ERR2233267	ERR2233266	ERR2233265	ERR2233264	ERR2233269	ERR2233268	ERR2233299	ERR2233296	ERR2233297	ERR2233295	ERR2233292	ERR2233293	ERR2233290	ERR2233291	ERR2233289	ERR2233288	ERR2233285	ERR2233284	ERR2233287	ERR2233286	ERR2233281	ERR2233280	ERR2233283	ERR2233282	ERR2233311	ERR2233320	ERR2233321
ERR2233238	0.0	0.651734283446	0.675063740317	0.648617878555	0.658644090292	0.653546312205	0.668252758822	0.655252547039	0.671330733538	0.663294735192	0.739270512301	0.813159040513	0.682261679067	0.680140030288	0.825694945586	0.826948671269	0.796443388155	0.792660735185	0.796412563849	0.816533894477	0.883602708469	0.908920757542	0.865574155284	0.825802624685	0.809779023835	0.706264949853	0.825457751291	0.804940127049	0.876776247491	0.849289691538	0.810060700217	0.678129625	0.688890284989	0.665590592289	0.813374509154	0.707144667531	0.691936031797	0.698811226419	0.688685048434	0.68188104084	0.670415156309	0.656103194372	0.636131852031	0.666914107407	0.657671485236	0.670896026741	0.661996715248	0.652234381874	0.665800489257	0.753964079295	0.737399497743	0.762738725299	0.766104435306	0.741947998777	0.764301541658	0.676366688682	0.675673428584	0.74362317703	0.755391910186	0.72412864847	0.729902772577	0.728916161288	0.724236138941	0.689925313473	0.687322113143	0.719752213267	0.716750740802	0.680498398044	0.693405443465	0.892784839648	0.851460957033	0.841942908242	0.839994981723	0.838923190566	0.83684882259	0.907804263286	0.945490258843	0.92046852091	0.916699112144	0.86566497247	0.855247766293	0.850992850768	0.851338301468	0.847170944357	0.855351180073	0.854974019454	0.849424524718	0.828740358664	0.763216139893	0.760764185271
ERR2233239	0.651734283446	0.0	0.692217717177	0.671091025124	0.651649781932	0.67546504531	0.654256430568	0.667806653928	0.681794837929	0.674929695441	0.730508102134	0.829428866918	0.692169234052	0.689079763961	0.831247274553	0.834301960578	0.811203336348	0.805235588205	0.816759850105	0.809935794219	0.889196788376	0.913018206864	0.874676970536	0.840327243764	0.823365288741	0.685251773702	0.840501956588	0.815928293318	0.884952947625	0.839135045423	0.825678999212	0.692632526482	0.698437610997	0.675667979257	0.827314310037	0.688595760135	0.699331339394	0.679836037688	0.700425608733	0.693964991744	0.677714721435	0.674143146122	0.65022057774	0.682844117968	0.675383653549	0.68085320195	0.674045373174	0.660502942433	0.672136247	0.763273684917	0.752288441662	0.775378098833	0.777864417314	0.758584979058	0.778256172239	0.693205387894	0.693974338258	0.753274999413	0.76587841897	0.733121482302	0.745364058616	0.737776452132	0.733703529512	0.707975709635	0.702768906312	0.727711869698	0.728241363117	0.694868664809	0.717500000923	0.897174084783	0.860806064748	0.849608101691	0.84760336611	0.847761331285	0.846799617746	0.912547565974	0.946339338404	0.923075399493	0.921062510075	0.860237057281	0.863316118294	0.859780877864	0.859858922314	0.856550817062	0.849365038136	0.863375109346	0.860355881603	0.820657241058	0.774403264818	0.773408481874
ERR2233230	0.675063740317	0.692217717177	0.0	0.700808154247	0.687958798797	0.678383944688	0.677574579588	0.662871615353	0.660626655414	0.658803111824	0.768438005398	0.841265051551	0.698512029267	0.684524063642	0.83767299583	0.835987499862	0.811014936658	0.808805551077	0.812372042739	0.831892046154	0.88866957692	0.912270123338	0.870398759506	0.836724674588	0.816833918287	0.686687889068	0.833530213395	0.833853819965	0.893412415434	0.855699241578	0.816691050318	0.660185985358	0.711623641159	0.656322121485	0.840120004	0.687640033868	0.679739859529	0.702898181609	0.708432679043	0.660621493755	0.656313563592	0.695200870223	0.675917398881	0.672252829961	0.677252806577	0.663636840234	0.674477166035	0.65863051336	0.654968449676	0.778984283748	0.766648549643	0.773785473718	0.780864197412	0.766007174142	0.793277662485	0.694033098776	0.691515683839	0.75463416959	0.765364435319	0.716000807087	0.751199867347	0.708104236041	0.720887783608	0.706990877293	0.706777036144	0.706718838281	0.706974221442	0.687922031629	0.717981156236	0.896791542172	0.854387436506	0.845984465839	0.845863747723	0.844334857906	0.844218738864	0.911527806236	0.946114500324	0.919229806184	0.915691939424	0.878017877172	0.866876314407	0.857727830993	0.861150704975	0.865838352021	0.871677029731	0.869146158605	0.866759824843	0.837136991972	0.767556748977	0.756741862289
ERR2233231	0.648617878555	0.671091025124	0.700808154247	0.0	0.662890904869	0.658524007332	0.677753318155	0.667067981501	0.695954724217	0.684042083856	0.733868660712	0.816089463217	0.697567791768	0.699154201724	0.836282425062	0.839153669391	0.811446418701	0.804820856773	0.8118797853	0.832760978121	0.89604408543	0.915166077956	0.878601511151	0.841358938192	0.822311181618	0.730609271835	0.838655587054	0.812138168307	0.880265353434	0.864100669572	0.827724276775	0.70000528273	0.693343648575	0.693014197246	0.821251118165	0.725088304748	0.715773261734	0.718974368528	0.707742738468	0.711917191886	0.701935476114	0.65575834199	0.650362213666	0.67582751914	0.662481228944	0.682148883985	0.666116441388	0.664827264033	0.680512616787	0.757020728864	0.735176131764	0.774657013422	0.7680475696	0.743126035257	0.760378117994	0.682527727808	0.691981531541	0.750040313832	0.768202146688	0.739522902323	0.732631433033	0.742817460551	0.734026587261	0.698120075519	0.692196417984	0.732932088671	0.72767885519	0.692261158102	0.701314171289	0.900829172681	0.86828730405	0.855942892105	0.854141374726	0.853843831553	0.85137760012	0.91838188405	0.950977324614	0.927422666539	0.924530356431	0.875622299619	0.865674151093	0.864893488645	0.865425581969	0.858087885087	0.866818666764	0.86499954472	0.860427870181	0.842712068929	0.774865629526	0.772367732423
ERR2233232	0.658644090292	0.651649781932	0.687958798797	0.662890904869	0.0	0.658552367752	0.644778821809	0.663228283568	0.683700870405	0.673579598333	0.718130634859	0.811059426589	0.694294376236	0.691348390259	0.823352708797	0.824557122416	0.800346911758	0.794869324548	0.803058784118	0.800760423513	0.883837948049	0.907802883938	0.864936107678	0.832217235261	0.812395094506	0.684422297813	0.830508183941	0.802781754293	0.871965392016	0.829195469499	0.818495590935	0.690747225095	0.698069420835	0.674950881821	0.814172731154	0.684527298101	0.703233063479	0.675960006257	0.704622172727	0.697627139127	0.685835761641	0.662889747563	0.656166109742	0.673200921175	0.659752308062	0.674686966634	0.66697862097	0.660100740185	0.669101769128	0.750182540685	0.739281182244	0.762694281477	0.760512522915	0.740187797636	0.762984133433	0.687876859947	0.688851420798	0.742312629788	0.755461683118	0.729872782156	0.736429280211	0.731199005178	0.728233292334	0.700839887202	0.693585742772	0.722004651746	0.721524822113	0.692375919246	0.697234631228	0.890243035865	0.855684989504	0.845840294798	0.842744178321	0.843690774604	0.841334090531	0.908398398911	0.942206647912	0.918770044692	0.914547871593	0.850235613387	0.854834005087	0.856513779679	0.856276400714	0.846995486132	0.842957500842	0.854717165386	0.849317620149	0.808305116711	0.761092981058	0.758794423398
ERR2233233	0.653546312205	0.67546504531	0.678383944688	0.658524007332	0.658552367752	0.0	0.67037209948	0.655236749493	0.670231395716	0.66390354219	0.739503367702	0.814946299152	0.693800711129	0.690617944455	0.83566741501	0.834789038421	0.809472319012	0.803861938197	0.806517242086	0.826245931414	0.89225956215	0.914768402562	0.874781250558	0.836285348859	0.816025218217	0.710763599181	0.836425847549	0.810524885267	0.881114276579	0.859274574612	0.821983839433	0.68314539034	0.698261079287	0.672798060138	0.818799611483	0.712776632527	0.700217807606	0.709510860277	0.704031849054	0.688623391369	0.682334808611	0.654245957512	0.656357275198	0.654322472748	0.648546806515	0.662605485434	0.652385402112	0.653713647798	0.660957936096	0.75582056928	0.738672607263	0.766712871087	0.763154165835	0.740271134065	0.763478797687	0.681363008215	0.68935168749	0.744558115868	0.759774811097	0.718899873478	0.730921293754	0.718340474785	0.718181525876	0.701135732683	0.689484080208	0.712663560362	0.709138899592	0.687131763593	0.696634015121	0.899546785403	0.862515081662	0.85262288223	0.852288810614	0.852269221794	0.848646027663	0.914894935625	0.95026707236	0.924693126144	0.922628659476	0.872763560002	0.864476050659	0.86305837283	0.863931014871	0.855695924304	0.867057403782	0.86256919711	0.856956746007	0.840140272472	0.76319437464	0.755030428563
ERR2233234	0.668252758822	0.654256430568	0.677574579588	0.677753318155	0.644778821809	0.67037209948	0.0	0.662873623081	0.67242290493	0.667694188577	0.731425926762	0.823739310788	0.697476928556	0.689432871214	0.822988991831	0.825324488293	0.804035455573	0.797420952567	0.808974855072	0.800861457397	0.885203600195	0.91009786915	0.868812825494	0.834390549876	0.81444810368	0.671117564129	0.829541075324	0.813336242932	0.882624963806	0.828236763427	0.817924481534	0.679435273079	0.706345154568	0.667855267433	0.824705726151	0.665830249263	0.692899367963	0.670382897001	0.704710395219	0.680639730484	0.675433058879	0.676899516941	0.664870267998	0.668158458964	0.665392083597	0.668211909711	0.668129497905	0.656158740182	0.660612356185	0.765393057203	0.753615552305	0.767744612969	0.769934399472	0.756624796797	0.777933542061	0.691023504463	0.692159798933	0.751853400409	0.762846984453	0.726491949931	0.745855579993	0.722607239162	0.725256438386	0.707799576479	0.704032200317	0.721657969587	0.717370554328	0.693092376645	0.712162286767	0.892533563698	0.855105691936	0.847175099584	0.843872019121	0.842584050303	0.842525079912	0.910548037764	0.944958224871	0.919702573866	0.916153167367	0.856963019541	0.860468634177	0.856181448275	0.858488336537	0.855553352448	0.845956726735	0.862608310406	0.856685968243	0.811529575249	0.764122862846	0.757576241632
ERR2233235	0.655252547039	0.667806653928	0.662871615353	0.667067981501	0.663228283568	0.655236749493	0.662873623081	0.0	0.653000202722	0.646922716461	0.752160118467	0.835199350647	0.691258650088	0.678716297688	0.841729785522	0.840528996023	0.81650909191	0.810844192935	0.816250369267	0.83360264888	0.891576112984	0.915793396428	0.872168655358	0.84098917943	0.822093732221	0.688726382516	0.839638023269	0.824591594075	0.887818037711	0.861862941088	0.825235456446	0.66815484711	0.692822555162	0.653541899693	0.839508446346	0.691227878219	0.673766395795	0.69852176989	0.694075986121	0.668791822617	0.659018743229	0.66710511962	0.653978884549	0.652692419017	0.654951721807	0.652494085268	0.653426189834	0.645820932759	0.639290816735	0.765128958462	0.754673998883	0.775908418317	0.771344957536	0.753086438706	0.778051754402	0.681246332976	0.679484101531	0.746894311374	0.761930621592	0.711326447511	0.737485284776	0.713323634777	0.71489546548	0.693894822381	0.688743679098	0.704188490147	0.704666788505	0.681416228867	0.712090646043	0.899038319747	0.859042809869	0.848370150081	0.847609853543	0.846849704281	0.845885071841	0.914485503626	0.948179756196	0.921146275271	0.91861025906	0.878410024052	0.866408459559	0.862044097934	0.864310612454	0.863641294268	0.869997450924	0.86715714719	0.864984059144	0.844405329448	0.775548349886	0.762295096452
ERR2233236	0.671330733538	0.681794837929	0.660626655414	0.695954724217	0.683700870405	0.670231395716	0.67242290493	0.653000202722	0.0	0.647945850592	0.768345948127	0.844380184874	0.697060212289	0.685583218845	0.840832853012	0.840784510476	0.815611548966	0.814197824087	0.814029538154	0.831130259646	0.888388371395	0.91372471062	0.871710148039	0.841426670464	0.820876403659	0.676404679125	0.840061219539	0.827891136532	0.889600099917	0.860910331617	0.821882463792	0.659622711777	0.706129675283	0.645079454337	0.844818719389	0.679395291777	0.667448326188	0.6993542354	0.704368400939	0.651907497747	0.650933795453	0.687600271859	0.672697085346	0.664664622754	0.661890894854	0.65064964209	0.667629516261	0.647452584292	0.641390861305	0.773488460403	0.76695630899	0.77279116513	0.778630774074	0.764263335761	0.79084223696	0.690469593207	0.687857903452	0.75180687283	0.762644343691	0.714032181631	0.74654218494	0.71047663894	0.718111412753	0.705233029499	0.705257066987	0.706299552772	0.706489121636	0.683045204501	0.724589082188	0.897607314077	0.854562332079	0.846225089822	0.844552214289	0.845688105653	0.844220369087	0.910949990309	0.947454373595	0.919106290283	0.915158014613	0.877153226724	0.867047294196	0.861239843002	0.863208331757	0.864849601347	0.871881504577	0.869815430392	0.865696674825	0.843234822015	0.771264927742	0.761401115501
ERR2233237	0.663294735192	0.674929695441	0.658803111824	0.684042083856	0.673579598333	0.66390354219	0.667694188577	0.646922716461	0.647945850592	0.0	0.759329773525	0.840403952487	0.69191894009	0.676655325016	0.840246493272	0.838416339914	0.814293075863	0.80811076257	0.812751576196	0.830786103074	0.890572331448	0.915027056931	0.872896581588	0.837592386061	0.815232091342	0.677756533323	0.835554753973	0.829353473973	0.893259203387	0.857982895831	0.820140099078	0.655531618939	0.701680346553	0.644438124367	0.84076305994	0.679768883185	0.667593273855	0.696587997409	0.696710536928	0.65425132321	0.64819284757	0.678232075327	0.658155888163	0.663135173872	0.662686892672	0.652099190535	0.6646274503	0.641076940058	0.64501601117	0.774183609831	0.761623405837	0.775642926503	0.780270355134	0.761844426505	0.788733427541	0.688803855767	0.68670610551	0.75364249687	0.765154103185	0.712254917293	0.746799074141	0.70942220458	0.722780782199	0.697994570544	0.700599927854	0.70697504365	0.705375278128	0.682906103142	0.716049826033	0.899698289283	0.858135439446	0.846819994856	0.845267854814	0.84436010453	0.843562990658	0.912467084707	0.948190735101	0.920403736111	0.919172848928	0.87843468767	0.866191694177	0.861066144372	0.862629944173	0.863512192867	0.870219327461	0.868901825726	0.865630903424	0.841291223364	0.768042020412	0.760233215607
ERR2233259	0.739270512301	0.730508102134	0.768438005398	0.733868660712	0.718130634859	0.739503367702	0.731425926762	0.752160118467	0.768345948127	0.759329773525	0.0	0.812221458594	0.743435775491	0.754137681913	0.857684432346	0.857444561149	0.843663890595	0.84231529802	0.846897747039	0.837601459469	0.910063808865	0.925192669278	0.899185006341	0.870081696827	0.857832015886	0.760510268724	0.868858402326	0.794476758093	0.871293723555	0.860328915742	0.864806253393	0.765705811597	0.753942864144	0.769457176862	0.813578697926	0.75911538976	0.783983373411	0.749418193827	0.775805025068	0.781278408004	0.780785397831	0.739155137591	0.731881628222	0.743522683363	0.739446729697	0.754614189709	0.742923533176	0.74434649694	0.759762998088	0.738665971331	0.739675622697	0.773761344536	0.753945036142	0.741180146232	0.741455961509	0.739414659188	0.744544657921	0.73757231458	0.761449552837	0.768924174277	0.750485812974	0.783622565502	0.763919222373	0.743060858719	0.736757075747	0.760361613346	0.766339707232	0.751617590498	0.755064901081	0.911835154432	0.893978231333	0.884955120228	0.884721553673	0.885450414255	0.881121662976	0.928752277696	0.950384378283	0.93671873677	0.932897675792	0.875907367909	0.883700071522	0.889659730766	0.888865711283	0.874783328217	0.866432144173	0.881795489707	0.8773946763	0.844220650857	0.788978737366	0.787870694478
ERR2233319	0.813159040513	0.829428866918	0.841265051551	0.816089463217	0.811059426589	0.814946299152	0.823739310788	0.835199350647	0.844380184874	0.840403952487	0.812221458594	0.0	0.84214533872	0.845853258663	0.816168448433	0.816205731062	0.796563719338	0.796295027378	0.815088204794	0.814924845504	0.877801186288	0.891815090073	0.865597673023	0.832166417872	0.824893558144	0.848510599194	0.832866230678	0.695247119887	0.795880777899	0.839182201766	0.831764110241	0.839082649001	0.842943159626	0.837478388429	0.614728335595	0.849743677161	0.856887284238	0.835380799365	0.846972422802	0.848016840592	0.846711207842	0.812360432994	0.812172617957	0.83226591784	0.828406083662	0.837004031873	0.829125846692	0.826367336588	0.842006674416	0.813840198353	0.812628415037	0.804243727463	0.822671138182	0.817194486808	0.807828883406	0.825786140056	0.827860660344	0.808944945209	0.812478823072	0.849879705014	0.829258233673	0.856643779291	0.845169702087	0.835727709622	0.828687245307	0.847108976214	0.848404106814	0.834960872114	0.782966767504	0.879537854616	0.873989739092	0.868745540231	0.869723045363	0.869481279163	0.862464451899	0.909491772953	0.930210129499	0.915997657281	0.916656045051	0.857274372032	0.852877609405	0.866639570005	0.864383496816	0.84379610029	0.844728064702	0.85174541761	0.841619457316	0.817650871713	0.736207591931	0.768834556624
ERR2233251	0.682261679067	0.692169234052	0.698512029267	0.697567791768	0.694294376236	0.693800711129	0.697476928556	0.691258650088	0.697060212289	0.69191894009	0.743435775491	0.84214533872	0.0	0.664704167519	0.84471798421	0.847788801763	0.824126194798	0.816552256686	0.821215892306	0.837077502644	0.894064803218	0.915983547035	0.877721222948	0.844252663597	0.826465322178	0.716693169881	0.845479104323	0.827594783728	0.890842636679	0.865168319558	0.830726732577	0.688954016464	0.675692580641	0.694020882936	0.840606702243	0.717184173717	0.705747118875	0.70005176609	0.677744550123	0.702997426945	0.699897962144	0.69867453902	0.682117713671	0.698187862103	0.694939259244	0.694572865001	0.691655768231	0.686305829492	0.688984388913	0.771185963348	0.753685096724	0.779386756542	0.776034664779	0.761553741744	0.781057028989	0.69999662355	0.700608763037	0.758671118393	0.769171905841	0.745079750643	0.754646532376	0.74426082501	0.743004812212	0.700309681309	0.696800689993	0.740935675577	0.738306737586	0.698345935479	0.718865505923	0.900501333688	0.865706929169	0.853492865222	0.852606458703	0.852613807768	0.852316900434	0.915205000613	0.949678857757	0.923984164785	0.921537884897	0.883046566481	0.872781776104	0.864998082232	0.866811478542	0.868056708047	0.874501861021	0.872942167223	0.869321932744	0.844501753835	0.782128104623	0.779723950205
ERR2233229	0.680140030288	0.689079763961	0.684524063642	0.699154201724	0.691348390259	0.690617944455	0.689432871214	0.678716297688	0.685583218845	0.676655325016	0.754137681913	0.845853258663	0.664704167519	0.0	0.845814392641	0.846376841826	0.822988346394	0.819411568225	0.823425700813	0.83627274397	0.893869867486	0.914922176928	0.877447324946	0.843472964503	0.825854075173	0.7086895681	0.843128729658	0.829499560417	0.890689949216	0.866374819036	0.829798940451	0.688605663133	0.677458094226	0.683076571989	0.84363218737	0.710247364237	0.694941064949	0.696156488954	0.678346657819	0.68737380727	0.681978139993	0.702245440127	0.677657758563	0.691704455752	0.689569450136	0.686653684495	0.686756809525	0.676452458227	0.680147621059	0.775250737768	0.759816622171	0.779210797281	0.782007459179	0.765433674046	0.785112857243	0.699442267597	0.697115656592	0.761879026127	0.769972519116	0.736708167052	0.753881682429	0.734201472192	0.734956918594	0.698056909068	0.696696973966	0.731585949616	0.73071962133	0.695501260104	0.725872520891	0.901883629332	0.862566271154	0.854643808292	0.852126482995	0.850313417715	0.851022029571	0.916906714964	0.951243182312	0.923716714251	0.921350551387	0.882251627317	0.874925753711	0.866933365597	0.868504106689	0.868552958376	0.875136843546	0.872598239978	0.870675694277	0.845705483547	0.778774662873	0.768736773402
ERR2233308	0.825694945586	0.831247274553	0.83767299583	0.836282425062	0.823352708797	0.83566741501	0.822988991831	0.841729785522	0.840832853012	0.840246493272	0.857684432346	0.816168448433	0.84471798421	0.845814392641	0.0	0.605134405626	0.657245134489	0.667406617009	0.665823956601	0.648833796598	0.800344761151	0.828359809424	0.777391368197	0.660660927709	0.678015745741	0.832472178752	0.667285753203	0.790911789518	0.840135307886	0.688609726835	0.685866886706	0.836078307483	0.845692534261	0.829518772536	0.806398245985	0.831285689345	0.846545989026	0.827058312688	0.841765898347	0.833731770157	0.826406534908	0.836958551607	0.825395796333	0.843978017471	0.844055503162	0.842480307056	0.84208219952	0.83402638826	0.838162067409	0.843274755378	0.850248985987	0.823805989135	0.850437827718	0.852881424159	0.857125510606	0.843174201857	0.840321012227	0.832932532637	0.826784930763	0.859817689788	0.863441791405	0.858704915312	0.857649597991	0.852187322957	0.849412815657	0.855629182489	0.853777389243	0.847130895174	0.819413212209	0.805094055265	0.767892839078	0.768617001368	0.769333081749	0.770323839355	0.763943809897	0.84500590915	0.903305194424	0.859452908384	0.855006312318	0.783353011586	0.781253286072	0.765711823752	0.765908821322	0.780435268063	0.780763901094	0.7820058167	0.778009117676	0.674089074262	0.792724037189	0.802193739201
ERR2233309	0.826948671269	0.834301960578	0.835987499862	0.839153669391	0.824557122416	0.834789038421	0.825324488293	0.840528996023	0.840784510476	0.838416339914	0.857444561149	0.816205731062	0.847788801763	0.846376841826	0.605134405626	0.0	0.654574437765	0.659373068614	0.6557942839	0.655255794513	0.805151479104	0.837852865223	0.776232950887	0.664525945293	0.663199169273	0.834789230179	0.660109818888	0.795691220602	0.845559968031	0.693129985714	0.67827899443	0.834942586936	0.849887029186	0.830724632862	0.804001116002	0.834451827478	0.848138070735	0.829245908873	0.842351627359	0.833845902647	0.828923195202	0.839391521677	0.827910546544	0.843822393676	0.842852375725	0.844122727236	0.843672335626	0.834925367999	0.843563671552	0.849844528562	0.853911568927	0.826385048106	0.852310989288	0.857155136589	0.857248670757	0.843080919492	0.842390673132	0.840089190411	0.834081647604	0.859134798955	0.864701176856	0.859922078435	0.860105810698	0.853203232527	0.848103684854	0.855829316737	0.855473765167	0.847824270628	0.818602932932	0.808369882808	0.765996724769	0.765418138049	0.769536117798	0.765093189916	0.763003649292	0.847516496259	0.904266619484	0.860305223223	0.853008450703	0.787120469944	0.779981863503	0.761793609743	0.76252435083	0.78014608158	0.779134014398	0.777954697674	0.775671711711	0.673279246985	0.794895854634	0.806414745693
ERR2233304	0.796443388155	0.811203336348	0.811014936658	0.811446418701	0.800346911758	0.809472319012	0.804035455573	0.81650909191	0.815611548966	0.814293075863	0.843663890595	0.796563719338	0.824126194798	0.822988346394	0.657245134489	0.654574437765	0.0	0.610646138261	0.638384662933	0.659041424537	0.812378413653	0.848940201146	0.787471893438	0.658861478102	0.644501990453	0.819651666292	0.667412455528	0.787606044684	0.852742346993	0.707627870658	0.670798347409	0.809367975963	0.828181700584	0.805487230112	0.785101116621	0.816826776917	0.824965949327	0.809980321618	0.817507396602	0.811157537425	0.803573988787	0.812617896978	0.797883988825	0.816253780628	0.819007383999	0.817837261279	0.815106525543	0.808552374124	0.816266875286	0.836839569139	0.836505565187	0.815777875133	0.838385090473	0.840005351107	0.84237056872	0.819253862787	0.818403777669	0.825952768788	0.824109106347	0.84030692983	0.842756149915	0.841383659682	0.84338809733	0.829167949843	0.827198112828	0.838143125208	0.835858688282	0.823791722004	0.794453893021	0.826123086273	0.777301458966	0.774472291487	0.779176056072	0.77598131071	0.77007862915	0.858023283108	0.910059982431	0.868484935064	0.863487764326	0.800806456647	0.788470550281	0.774909428022	0.776974702549	0.790087470446	0.790277302647	0.783359334298	0.781640145957	0.682200471165	0.776101506763	0.783506222012
ERR2233305	0.792660735185	0.805235588205	0.808805551077	0.804820856773	0.794869324548	0.803861938197	0.797420952567	0.810844192935	0.814197824087	0.80811076257	0.84231529802	0.796295027378	0.816552256686	0.819411568225	0.667406617009	0.659373068614	0.610646138261	0.0	0.63249820666	0.658626359909	0.820822594197	0.858431961431	0.788606298812	0.662015021724	0.641634051974	0.816881604875	0.666662427159	0.793072139792	0.859344219088	0.71040385621	0.661821188766	0.804465528535	0.820345284305	0.799911738162	0.786868321417	0.812102033858	0.817898725923	0.80341073612	0.809650851022	0.80712781338	0.800692393452	0.803372107958	0.793091388951	0.814853997176	0.814283369687	0.812717524445	0.811247112027	0.805392698295	0.811866135567	0.83500085697	0.833797030594	0.816278588847	0.839168818295	0.837283087996	0.842676577172	0.813921612689	0.814124334468	0.8240605576	0.822293220465	0.836819389329	0.839662120373	0.835394846762	0.834304374419	0.822464388134	0.819965615326	0.834213871071	0.833286629589	0.818173829742	0.787352572868	0.831528170632	0.775814745965	0.770661481812	0.776655816453	0.775015273508	0.773565239638	0.858665655615	0.914427280807	0.873088736775	0.865200704941	0.801903513838	0.79034264422	0.774792956162	0.778720063894	0.791386281079	0.792858865796	0.787219385732	0.784970069787	0.676991423098	0.774168903597	0.783284699022
ERR2233306	0.796412563849	0.816759850105	0.812372042739	0.8118797853	0.803058784118	0.806517242086	0.808974855072	0.816250369267	0.814029538154	0.812751576196	0.846897747039	0.815088204794	0.821215892306	0.823425700813	0.665823956601	0.6557942839	0.638384662933	0.63249820666	0.0	0.646016510179	0.809604393907	0.850517137574	0.782895390134	0.659920534066	0.624127096418	0.824455163138	0.653303030536	0.796606345882	0.855768706798	0.701474210901	0.638106030419	0.812011692021	0.827141134371	0.803916219064	0.807418689938	0.817757706674	0.82495394062	0.813254848389	0.814565151118	0.810287268058	0.803948607005	0.810047367568	0.800628589593	0.817073605371	0.820017724694	0.81918464735	0.818804361185	0.808912857696	0.816045083883	0.83663957785	0.834378824799	0.816291070237	0.837802004388	0.840453356377	0.843852506825	0.8202645113	0.817363224869	0.825269990661	0.822227917804	0.83873393179	0.847182663995	0.840327686956	0.839909227968	0.828482787724	0.825725082514	0.837249000129	0.839319992659	0.822676290692	0.789841434184	0.823767228692	0.771059728206	0.764478425093	0.768557747808	0.765960058056	0.758862040669	0.858683413717	0.914803432465	0.871672907798	0.866603864796	0.800393637925	0.785883329908	0.770980621328	0.76939163686	0.78859526208	0.798023721841	0.783218014965	0.781451547515	0.665386082529	0.776005009455	0.784699001461
ERR2233307	0.816533894477	0.809935794219	0.831892046154	0.832760978121	0.800760423513	0.826245931414	0.800861457397	0.83360264888	0.831130259646	0.830786103074	0.837601459469	0.814924845504	0.837077502644	0.83627274397	0.648833796598	0.655255794513	0.659041424537	0.658626359909	0.646016510179	0.0	0.804952885196	0.838442909724	0.779392682206	0.665621327473	0.660766489281	0.811009367347	0.664166703594	0.790790023257	0.845352531531	0.640147211048	0.669863239598	0.826291206796	0.837202894464	0.82015173708	0.804447904754	0.808900397015	0.839104587939	0.800829208845	0.832139649714	0.823505847589	0.819412204319	0.826455991726	0.818136371081	0.837178029776	0.833170688203	0.833612589556	0.83248525726	0.827442446286	0.831018167502	0.839641672688	0.846065189388	0.820963767441	0.846336222656	0.847848309218	0.850055417764	0.832820859452	0.830463766345	0.830692530058	0.823630942977	0.851940863446	0.852359965934	0.852102332103	0.849808557407	0.84362742777	0.838439598789	0.845119646315	0.847955753339	0.838177000243	0.811883643764	0.814734318891	0.774662261885	0.769927145363	0.776424278063	0.774001555761	0.770582830198	0.846649593604	0.897712513733	0.862199328687	0.854828140126	0.768846245795	0.786293134181	0.776104295802	0.771108982202	0.789169147311	0.767793276724	0.785242245054	0.784141434236	0.629906635853	0.786994992292	0.798322991621
ERR2233300	0.883602708469	0.889196788376	0.88866957692	0.89604408543	0.883837948049	0.89225956215	0.885203600195	0.891576112984	0.888388371395	0.890572331448	0.910063808865	0.877801186288	0.894064803218	0.893869867486	0.800344761151	0.805151479104	0.812378413653	0.820822594197	0.809604393907	0.804952885196	0.0	0.591075834763	0.584188284795	0.784457322463	0.81001096632	0.878393504475	0.791468012094	0.834383897622	0.811008709291	0.766612236184	0.787431761957	0.88603947656	0.893401338258	0.875805899449	0.863626526352	0.881907426397	0.889961972834	0.878454211475	0.885176939032	0.881184831804	0.878192391508	0.893128886104	0.884818575027	0.894893361989	0.895638175997	0.893840576291	0.892837482914	0.88544970552	0.886430513514	0.867564993419	0.890003366392	0.832715908364	0.879883506152	0.892896536457	0.893532686581	0.891860653795	0.887026667229	0.862724562868	0.833123619446	0.900512387648	0.89992543224	0.895292904083	0.893444210258	0.898570948227	0.898121682361	0.893390283943	0.893750705855	0.893376417166	0.88176697272	0.566830072578	0.64259635343	0.667610187596	0.677748980238	0.694194264229	0.686582479297	0.647053961321	0.751359226924	0.674665203875	0.666782895955	0.738052439702	0.710273963767	0.687268220848	0.664698426557	0.740678725919	0.744156508779	0.718709411899	0.738350282663	0.808659111751	0.860857911783	0.857054958824
ERR2233301	0.908920757542	0.913018206864	0.912270123338	0.915166077956	0.907802883938	0.914768402562	0.91009786915	0.915793396428	0.91372471062	0.915027056931	0.925192669278	0.891815090073	0.915983547035	0.914922176928	0.828359809424	0.837852865223	0.848940201146	0.858431961431	0.850517137574	0.838442909724	0.591075834763	0.0	0.666345946601	0.823465738047	0.850985177909	0.90201649279	0.831202496188	0.847092755721	0.79015034846	0.799591095717	0.832176716019	0.91061663436	0.915094507817	0.902862849186	0.881587295696	0.906123471189	0.914589485895	0.903334341646	0.91023781093	0.907258894339	0.905119436055	0.915827929699	0.908559454797	0.91485534784	0.917950111182	0.918137218818	0.915505613009	0.90958726004	0.91113970277	0.88531293987	0.907729178835	0.856535298993	0.896644085365	0.911592280463	0.907545302553	0.91275808537	0.910713052792	0.885385214117	0.858571069215	0.922609756149	0.917737205011	0.918562242639	0.913840874813	0.91991480381	0.916491062906	0.91708749386	0.915054722573	0.915070808438	0.905346533923	0.587888636623	0.726490195673	0.755562259284	0.759650814338	0.772091267599	0.759580425797	0.671697060694	0.695887825049	0.700270915781	0.69946979399	0.769353710373	0.755226970876	0.754956235177	0.736088231542	0.779083214633	0.777051743377	0.770993237757	0.779810789866	0.833888280165	0.884835650311	0.882342220716
ERR2233303	0.865574155284	0.874676970536	0.870398759506	0.878601511151	0.864936107678	0.874781250558	0.868812825494	0.872168655358	0.871710148039	0.872896581588	0.899185006341	0.865597673023	0.877721222948	0.877447324946	0.777391368197	0.776232950887	0.787471893438	0.788606298812	0.782895390134	0.779392682206	0.584188284795	0.666345946601	0.0	0.75050570695	0.780454371273	0.862249377726	0.752237534394	0.824963575606	0.8240819502	0.745005424817	0.753885021498	0.868472117815	0.877041614861	0.860265916765	0.851934668445	0.861982035624	0.873136833604	0.861121797425	0.866573602679	0.862416577271	0.861353803578	0.877005994133	0.866913282672	0.876979515379	0.878365508999	0.87817855743	0.876577347252	0.866568469562	0.870491628495	0.856504159976	0.87319332653	0.824051773077	0.865462145937	0.877727404028	0.878842777804	0.875384950761	0.870484037767	0.847960915073	0.82589430172	0.885066409304	0.886074738931	0.879705843406	0.876744425482	0.88286287216	0.879967659416	0.876600417886	0.878196493035	0.875066675766	0.862560527981	0.617477615281	0.595336181636	0.623192626705	0.618990968353	0.642224740268	0.620184802795	0.664062799997	0.7959531189	0.693377646119	0.690660761425	0.714962512235	0.670063851757	0.637294522455	0.633683782512	0.710422228599	0.719655897419	0.692449757847	0.710856171243	0.786615415354	0.841688704141	0.84377793336
ERR2233313	0.825802624685	0.840327243764	0.836724674588	0.841358938192	0.832217235261	0.836285348859	0.834390549876	0.84098917943	0.841426670464	0.837592386061	0.870081696827	0.832166417872	0.844252663597	0.843472964503	0.660660927709	0.664525945293	0.658861478102	0.662015021724	0.659920534066	0.665621327473	0.784457322463	0.823465738047	0.75050570695	0.0	0.650654980215	0.837604998071	0.615496287447	0.803965186634	0.848305242295	0.691517984845	0.662815313202	0.832550781079	0.848778025235	0.828682429387	0.818664470576	0.83806680135	0.841889926072	0.831636023546	0.838073562697	0.828970612824	0.824553362766	0.838478965388	0.828147229403	0.844347267383	0.842741577856	0.841130080215	0.842857718686	0.83332078749	0.837100122477	0.851847133334	0.857160089215	0.827194675573	0.85630302357	0.862492763061	0.867101781415	0.846505066782	0.840756835162	0.842703524084	0.834557111485	0.861296445011	0.865593972329	0.857520377038	0.860423177915	0.851384070084	0.852490732526	0.855575703826	0.855580491836	0.848977594281	0.82270679433	0.798710842775	0.747971782464	0.74554318012	0.746951275397	0.749561599479	0.747193871244	0.828949319112	0.896194151196	0.846281675547	0.834901276248	0.790634795922	0.771536664413	0.747233877662	0.751043239897	0.778678821656	0.78867066867	0.761618408617	0.762461348098	0.692705226356	0.798029538331	0.801101438888
ERR2233312	0.809779023835	0.823365288741	0.816833918287	0.822311181618	0.812395094506	0.816025218217	0.81444810368	0.822093732221	0.820876403659	0.815232091342	0.857832015886	0.824893558144	0.826465322178	0.825854075173	0.678015745741	0.663199169273	0.644501990453	0.641634051974	0.624127096418	0.660766489281	0.81001096632	0.850985177909	0.780454371273	0.650654980215	0.0	0.82627854275	0.642073719696	0.808367312426	0.861504552857	0.709389889718	0.634593962439	0.810123115953	0.83083822261	0.808791283387	0.816902334941	0.822631813093	0.825768427056	0.815947983984	0.818238314535	0.810897696385	0.805843713413	0.818569643803	0.811095667214	0.82508363727	0.826811703026	0.82259037394	0.824959111837	0.815343980978	0.821233516708	0.847033378958	0.844803951065	0.822172287286	0.848617183024	0.848690077191	0.85597862883	0.823581564221	0.823946494987	0.833737761945	0.83052160077	0.843448290755	0.852678707991	0.843606078221	0.846081850765	0.836499825166	0.833700215658	0.842625927184	0.841714893935	0.828312508503	0.798239963165	0.820798148153	0.762794523796	0.757900448727	0.761622382455	0.763639476515	0.760826744669	0.852950136702	0.912381459678	0.86460098892	0.860554769515	0.808004131898	0.794257877611	0.767093767957	0.767192397212	0.796576543166	0.808379074653	0.789868292504	0.788711093869	0.669840208984	0.780722410309	0.786484294522
ERR2233258	0.706264949853	0.685251773702	0.686687889068	0.730609271835	0.684422297813	0.710763599181	0.671117564129	0.688726382516	0.676404679125	0.677756533323	0.760510268724	0.848510599194	0.716693169881	0.7086895681	0.832472178752	0.834789230179	0.819651666292	0.816881604875	0.824455163138	0.811009367347	0.878393504475	0.90201649279	0.862249377726	0.837604998071	0.82627854275	0.0	0.838094243053	0.831784836311	0.883962101206	0.828517878087	0.825107996446	0.679781476828	0.715714445099	0.667813275354	0.849437044614	0.63735487534	0.674010497853	0.650767897012	0.710149143583	0.675077564516	0.673076474477	0.724002071079	0.704667116357	0.697552223443	0.698858692098	0.686589282062	0.700513255248	0.682265358437	0.674995108542	0.782757625308	0.780755384325	0.779722167908	0.790225974151	0.78609148021	0.806828028794	0.719084160079	0.716879340725	0.760367225312	0.765559301846	0.740280619059	0.769688682314	0.734363390341	0.745425653238	0.732856698532	0.730973952354	0.730286899103	0.727993897447	0.7145566446	0.751875843091	0.889014480597	0.850920218349	0.841382277392	0.839949777474	0.839452136288	0.838608910926	0.901053364463	0.940019203007	0.909482671685	0.908571677244	0.854998225386	0.859156286194	0.850673251046	0.855716664365	0.860473250704	0.848914289499	0.86476268115	0.86104208208	0.815513463734	0.777422654038	0.768600680992
ERR2233310	0.825457751291	0.840501956588	0.833530213395	0.838655587054	0.830508183941	0.836425847549	0.829541075324	0.839638023269	0.840061219539	0.835554753973	0.868858402326	0.832866230678	0.845479104323	0.843128729658	0.667285753203	0.660109818888	0.667412455528	0.666662427159	0.653303030536	0.664166703594	0.791468012094	0.831202496188	0.752237534394	0.615496287447	0.642073719696	0.838094243053	0.0	0.809115347579	0.848849623596	0.690902910384	0.652769227643	0.833992398509	0.849126503275	0.826710926062	0.822483328008	0.83914564564	0.844271111271	0.832162916415	0.838043885985	0.829104867844	0.825167411338	0.83703498106	0.829127906097	0.844358817726	0.844910201768	0.842742975479	0.842033943358	0.833404723159	0.837450684906	0.853903699608	0.8578285883	0.828299316806	0.858890744212	0.859936712399	0.865041523693	0.842952455006	0.842536655854	0.841947452464	0.832623256309	0.861020003151	0.866098526488	0.85672348184	0.859754032792	0.852390881562	0.848462677364	0.85542976355	0.855688739923	0.844371133554	0.819797491216	0.796514824533	0.750171643891	0.741943401399	0.747640817548	0.747620136395	0.744314999648	0.836740871322	0.902793293528	0.851932980593	0.845186794637	0.796958165013	0.779796977039	0.743427961368	0.752038298858	0.786770097093	0.794633488562	0.775551030657	0.772782057575	0.681014974191	0.800735483768	0.803697436222
ERR2233317	0.804940127049	0.815928293318	0.833853819965	0.812138168307	0.802781754293	0.810524885267	0.813336242932	0.824591594075	0.827891136532	0.829353473973	0.794476758093	0.695247119887	0.827594783728	0.829499560417	0.790911789518	0.795691220602	0.787606044684	0.793072139792	0.796606345882	0.790790023257	0.834383897622	0.847092755721	0.824963575606	0.803965186634	0.808367312426	0.831784836311	0.809115347579	0.0	0.67865409442	0.812056974174	0.816745674016	0.829893517348	0.829974984317	0.822311386262	0.682255805148	0.835112011881	0.847760952225	0.823731237355	0.837246959189	0.836048498421	0.829298538034	0.808831455542	0.79938806609	0.817893959621	0.818367553487	0.828242140925	0.819289714565	0.814117537912	0.829463190429	0.762656180085	0.795808236116	0.75569898251	0.791408021921	0.796789405195	0.784138138515	0.816205749048	0.813234818307	0.761261356622	0.758676288591	0.836889475563	0.816357725044	0.843519373392	0.829104909591	0.828176236465	0.821008539366	0.83088063876	0.832396328274	0.825489090941	0.784452716481	0.83191533821	0.842079495364	0.837603890936	0.838946362604	0.844123145535	0.83252132538	0.872439829881	0.902374778782	0.881500538048	0.883520818389	0.835282775686	0.825190097043	0.834778656995	0.833810578762	0.815122140882	0.821868497302	0.82323697653	0.819340815155	0.795659021065	0.718296837242	0.740750949583
ERR2233316	0.876776247491	0.884952947625	0.893412415434	0.880265353434	0.871965392016	0.881114276579	0.882624963806	0.887818037711	0.889600099917	0.893259203387	0.871293723555	0.795880777899	0.890842636679	0.890689949216	0.840135307886	0.845559968031	0.852742346993	0.859344219088	0.855768706798	0.845352531531	0.811008709291	0.79015034846	0.8240819502	0.848305242295	0.861504552857	0.883962101206	0.848849623596	0.67865409442	0.0	0.839966754675	0.859630890252	0.888756114582	0.888149464262	0.88076128374	0.785381451662	0.888197243153	0.899100891328	0.882157703252	0.893192201994	0.888408929992	0.888102605289	0.883365111118	0.87288139411	0.884828557528	0.885033093375	0.89051335151	0.885341371576	0.880178905041	0.890553437795	0.831179653804	0.86241080459	0.808439631797	0.855331855388	0.865194919788	0.854062662911	0.882469274103	0.877685958906	0.832765263602	0.80241888607	0.893225342556	0.882131298758	0.897680312412	0.887026482542	0.889487388177	0.886313200364	0.887781669055	0.886502138761	0.886219045308	0.862316635458	0.791982208254	0.853489300278	0.859251075657	0.859997043381	0.871482320143	0.856640027262	0.845918161347	0.846314249917	0.856910625609	0.864898324952	0.853251472844	0.846505349474	0.854527841323	0.844249904429	0.84551700321	0.846663532271	0.848600311252	0.849524448086	0.841151435993	0.825718452394	0.829836171009
