	ERR2233238	ERR2233239	ERR2233230	ERR2233231	ERR2233232	ERR2233233	ERR2233234	ERR2233235	ERR2233236	ERR2233237	ERR2233259	ERR2233319	ERR2233251	ERR2233229	ERR2233308	ERR2233309	ERR2233304	ERR2233305	ERR2233306	ERR2233307	ERR2233300	ERR2233301	ERR2233303	ERR2233313	ERR2233312	ERR2233258	ERR2233310	ERR2233317	ERR2233316	ERR2233315	ERR2233314	ERR2233252	ERR2233253	ERR2233250	ERR2233318	ERR2233256	ERR2233257	ERR2233254	ERR2233255	ERR2233249	ERR2233248	ERR2233241	ERR2233240	ERR2233243	ERR2233242	ERR2233245	ERR2233244	ERR2233247	ERR2233246	ERR2233278	ERR2233279	ERR2233274	ERR2233275	ERR2233276	ERR2233277	ERR2233270	ERR2233271	ERR2233272	ERR2233273	ERR2233263	ERR2233262	ERR2233261	ERR2233260	ERR2233267	ERR2233266	ERR2233265	ERR2233264	ERR2233269	ERR2233268	ERR2233299	ERR2233296	ERR2233297	ERR2233295	ERR2233292	ERR2233293	ERR2233290	ERR2233291	ERR2233289	ERR2233288	ERR2233285	ERR2233284	ERR2233287	ERR2233286	ERR2233281	ERR2233280	ERR2233283	ERR2233282	ERR2233311	ERR2233320	ERR2233321
ERR2233238	0.0	0.657296539337	0.679762717058	0.654530966958	0.660328363706	0.659327191284	0.669206606546	0.654534319755	0.673793236142	0.66768556377	0.734721172559	0.807748797456	0.686793605479	0.686310832405	0.826831170119	0.831491557596	0.798968699197	0.792685800257	0.796101503786	0.818125409831	0.886446240207	0.907271404229	0.865784175576	0.821841043815	0.803668290401	0.714175255793	0.824291897679	0.806021700774	0.877599322145	0.854938248393	0.814158456675	0.682725455953	0.6849432961	0.674681970383	0.815423073764	0.708178006307	0.696543621997	0.699811196571	0.691428758927	0.687549145468	0.678537020255	0.655720842466	0.638231308524	0.670186933262	0.657561731114	0.668800532474	0.662867413478	0.653595245219	0.671454438437	0.757394353015	0.740272155626	0.758737792971	0.766791980953	0.745577681373	0.770569452203	0.674109321259	0.680193324396	0.746936230988	0.762840248697	0.726749419401	0.729426739966	0.729030879602	0.725533383618	0.691663276579	0.688367567162	0.724348082718	0.721600397528	0.686257353047	0.694883352877	0.891188256716	0.853348138836	0.845696338519	0.841345823682	0.845557592136	0.840524422944	0.910210803631	0.949867158614	0.919439719096	0.917706578587	0.869343764297	0.853105278071	0.857287180275	0.857051428176	0.84925143739	0.856131548459	0.857324752256	0.851099190418	0.824735931909	0.76468544048	0.762547497538
ERR2233239	0.657296539337	0.0	0.691094609853	0.668852334921	0.657892543218	0.679232160263	0.652521892981	0.669418942735	0.681137492104	0.677285532122	0.728622624116	0.823315424036	0.697502843938	0.695225108389	0.829858219183	0.834492879153	0.808821643872	0.808134972173	0.812960690102	0.809986002113	0.889728290016	0.910938766468	0.874048149631	0.832711967381	0.816548506882	0.686961785383	0.836141752259	0.817252423236	0.885207711189	0.843724703185	0.826674759526	0.689183092637	0.693087533225	0.67678930743	0.828582060492	0.68727137562	0.704845820082	0.683727782423	0.700493524398	0.688831887508	0.680284101112	0.673221226656	0.653404103837	0.682311053277	0.677247403663	0.682385466337	0.678488052925	0.665625616278	0.678140589654	0.765711287561	0.753985617615	0.774491874844	0.776058284209	0.756934603511	0.783012703874	0.694536049975	0.694801619722	0.755424177829	0.767700009608	0.733217045315	0.747049772516	0.737373553348	0.735816299278	0.708519884378	0.707986471223	0.730778861147	0.72827002665	0.700015059608	0.722635340189	0.895773913778	0.859735156105	0.852339187144	0.847527593941	0.850602906455	0.84820360232	0.912786215181	0.950242125331	0.920982640393	0.920250015347	0.860915329598	0.858945103811	0.863554263337	0.863803161207	0.856929164202	0.849115682983	0.863893201191	0.859423199518	0.813756448642	0.775464867979	0.773197157998
ERR2233230	0.679762717058	0.691094609853	0.0	0.697175878153	0.690048537334	0.677567399139	0.676559953856	0.660565033835	0.65637974849	0.653149019653	0.76042175301	0.835346425063	0.698894642647	0.689302848304	0.836190565723	0.838132058982	0.809862917614	0.807628030231	0.811808165763	0.830727099384	0.891383009801	0.912294597791	0.872686315696	0.830414944742	0.810918565637	0.686742169728	0.832105509552	0.832408279888	0.891330456763	0.861137264466	0.820775453039	0.66087454623	0.706926518707	0.652504302164	0.840898130232	0.688392232198	0.675695514411	0.702203576285	0.704428131235	0.657672500951	0.652548625011	0.68793311866	0.678177431539	0.670059974584	0.671810698835	0.659222987769	0.670612260974	0.654659623541	0.653272251292	0.774768180303	0.762418032731	0.772012055736	0.775769120126	0.764078138186	0.794349552034	0.690556602567	0.687456763905	0.754316273978	0.766173174978	0.714309914249	0.748452853598	0.706500456257	0.719690924911	0.702655562208	0.703035080483	0.708105211775	0.706055642711	0.684332663738	0.72266007881	0.897271358177	0.856560745941	0.85169391938	0.84637522819	0.849926556715	0.847809134946	0.913172515125	0.950318284292	0.921511796307	0.918917108565	0.881324244165	0.867106728432	0.865349437967	0.865742635566	0.868473150622	0.873905735881	0.871492818843	0.866725643613	0.838117494522	0.766326414815	0.754546497494
ERR2233231	0.654530966958	0.668852334921	0.697175878153	0.0	0.664051116473	0.657561443481	0.681697001256	0.663413574564	0.688912304045	0.680208504428	0.730110203694	0.812274259433	0.69343468418	0.6980940421	0.838033612843	0.840058163017	0.812517999056	0.810134992767	0.815129385718	0.834973969566	0.896959599012	0.91561272537	0.879309401202	0.838578349019	0.819175795171	0.732646374305	0.836149040592	0.811839777123	0.882811001948	0.864831682374	0.833281870383	0.699918306131	0.690966301907	0.693449595907	0.822326272449	0.727231355532	0.712635393931	0.717895715147	0.704967785276	0.710495701585	0.701426338471	0.654848945243	0.652248437254	0.671529154798	0.659281906696	0.678671480931	0.663596958525	0.658469345003	0.679382151663	0.752858336915	0.732631832207	0.771781803186	0.764765311255	0.738090939336	0.767423300614	0.680079127255	0.687966193148	0.748592058874	0.770175797463	0.733842866744	0.729746632102	0.736902156918	0.729341316316	0.697934297102	0.692557779234	0.732873193379	0.727444959474	0.694559073702	0.701799558584	0.899417167189	0.864535051448	0.859732276657	0.854362139004	0.857856026193	0.853274071996	0.91941375248	0.95446621678	0.926842799339	0.925490496852	0.877969486729	0.861284895064	0.8709972382	0.87091124625	0.858890382096	0.864519425995	0.865912951446	0.86150352875	0.839355391767	0.776840957892	0.772439134943
ERR2233232	0.660328363706	0.657892543218	0.690048537334	0.664051116473	0.0	0.661778057301	0.646736832849	0.668151403378	0.68370331306	0.679100964589	0.715455082302	0.804647520129	0.703908817612	0.698465949164	0.822497223973	0.825371624154	0.800390187441	0.797495360698	0.804543313688	0.801243540663	0.885475264236	0.905538107794	0.8650057605	0.825668844445	0.808206070397	0.685684901328	0.827768636985	0.800604214821	0.871891729708	0.833532553784	0.819631887932	0.693927073004	0.696775176029	0.684516933422	0.811155503729	0.682595399989	0.709010372557	0.67950583247	0.709172935143	0.698568801526	0.688539744281	0.66286156676	0.659993775296	0.672746194845	0.664466503975	0.676306761421	0.667800281887	0.662484901777	0.676303792711	0.748975949324	0.740131088974	0.756179916181	0.761418939958	0.741647988973	0.766233200681	0.688359717526	0.695154444319	0.739252578267	0.757696873339	0.730270705711	0.735518879814	0.729157704327	0.729447515954	0.704220885783	0.699458885592	0.726012828411	0.718720775137	0.700430083798	0.701155506835	0.889736644438	0.85413598097	0.849268273245	0.843836525516	0.847463395817	0.845375388316	0.910669310055	0.945191307705	0.917809924371	0.915131070419	0.849192112693	0.852131817197	0.857606670892	0.861622947742	0.848009064149	0.842093188907	0.854536012857	0.850730535402	0.803856006417	0.762422359088	0.756859302185
ERR2233233	0.659327191284	0.679232160263	0.677567399139	0.657561443481	0.661778057301	0.0	0.674882142009	0.659528087575	0.6731047148	0.668312062208	0.738378211159	0.812720542343	0.697872534237	0.695103624847	0.833301857985	0.834083848809	0.807002286415	0.806310653147	0.809170628277	0.829211722473	0.892404016984	0.913656225209	0.875173188169	0.832764389798	0.810391353463	0.715175826219	0.834406022673	0.807313373173	0.879916229303	0.860593853791	0.82424746397	0.688480029943	0.697952399546	0.677202274063	0.817752128699	0.711242354908	0.704810012507	0.712540938271	0.708380871922	0.693955045051	0.684549369109	0.654416964949	0.658301031553	0.660731037737	0.653938776054	0.665064247377	0.658899231562	0.655839666451	0.667505236135	0.755348387242	0.742051411689	0.762222553149	0.762959020551	0.741660453919	0.769339353544	0.684258272557	0.690657873146	0.741847095082	0.761354802264	0.719463736286	0.733515366625	0.722672665936	0.721548259619	0.703729446601	0.69574320045	0.717749001527	0.714390927635	0.689286569406	0.700315100454	0.896875248855	0.862459051787	0.854333639929	0.852616197715	0.853497495233	0.851943805181	0.918307898163	0.953701487554	0.9243863339	0.924118376552	0.875270329657	0.860857725034	0.866816246064	0.868647689979	0.857238438482	0.862771014405	0.862369887804	0.859053587858	0.83644241334	0.762802491247	0.754567569819
ERR2233234	0.669206606546	0.652521892981	0.676559953856	0.681697001256	0.646736832849	0.674882142009	0.0	0.660400626615	0.668747934937	0.660649736699	0.731431143775	0.815471548187	0.702691438486	0.694277589286	0.821475378638	0.826698010912	0.802229098404	0.801067213082	0.806008122931	0.803638826429	0.887857900914	0.907544231805	0.867421621437	0.828505928203	0.809194692816	0.666788938798	0.827754069555	0.811911522546	0.880963640298	0.834936430682	0.82038136382	0.676628953794	0.703728241792	0.668272691644	0.8238486231	0.66227447678	0.69437404508	0.672953846775	0.703150521438	0.682520971659	0.674220456452	0.675173736056	0.668057692724	0.668740717424	0.671898602914	0.6672035992	0.669784035158	0.660514089303	0.665260435575	0.76723448463	0.755775344721	0.765249470486	0.769579679969	0.756536468048	0.785160518873	0.695169308042	0.696655736117	0.74988189736	0.764266589248	0.724820110392	0.74729976798	0.720382524697	0.724404273528	0.708966419508	0.705078964213	0.720419846897	0.714645228977	0.69632806359	0.714282247392	0.891220163211	0.854714005302	0.848280997853	0.84261007126	0.849686108833	0.845102376189	0.910351184735	0.948930644163	0.918721633681	0.917349460828	0.858602888305	0.857657411482	0.860120432736	0.861474058394	0.856566269399	0.846650001804	0.861551364031	0.856936934955	0.808233885658	0.763568022305	0.758711841808
ERR2233235	0.654534319755	0.669418942735	0.660565033835	0.663413574564	0.668151403378	0.659528087575	0.660400626615	0.0	0.649399626156	0.643946404047	0.749502015618	0.829226351226	0.689717280557	0.681417225874	0.838428942139	0.843616443923	0.813992367993	0.813135007203	0.814634725392	0.832937839612	0.892356184425	0.912328690333	0.873225539589	0.836212162402	0.818519847411	0.688863768553	0.837749517155	0.822218595574	0.886273504435	0.865700368877	0.827210530963	0.669362069111	0.688627412253	0.653074492481	0.837806493365	0.684651216241	0.676282669156	0.695470648664	0.689732235354	0.669086900918	0.656403779111	0.660926691572	0.655354620181	0.655379105948	0.65088980938	0.64841093203	0.650614982899	0.643674370775	0.640047327763	0.759783065863	0.745050760106	0.76795681527	0.771008891145	0.748365006108	0.780780905234	0.680094529255	0.680584289013	0.745239063314	0.764676738336	0.706636885917	0.736981636438	0.706541379649	0.712550362252	0.69241369714	0.689595420382	0.704466174674	0.700496044602	0.678389052197	0.712361955817	0.896266973443	0.859651408995	0.850532006024	0.848110749011	0.850090337701	0.847016518869	0.915017313093	0.951752849638	0.921078419264	0.91923771268	0.87601463728	0.86358283173	0.86460687967	0.866518830889	0.861971364547	0.86875488287	0.866798270127	0.862836987101	0.840183703245	0.771886009781	0.759238056638
ERR2233236	0.673793236142	0.681137492104	0.65637974849	0.688912304045	0.68370331306	0.6731047148	0.668747934937	0.649399626156	0.0	0.643524882739	0.761698395381	0.837252684479	0.69660014394	0.687941881068	0.835172747036	0.838074475835	0.811499239757	0.810689924535	0.811036425934	0.829391011811	0.889413586583	0.911261106827	0.870604928752	0.834688141434	0.814175987112	0.675150605832	0.834947154819	0.827945465931	0.88730691547	0.862357849596	0.819516208279	0.659095221618	0.702628228337	0.645149998633	0.843420103643	0.677056705304	0.66922222442	0.691848890053	0.701242231853	0.653781187033	0.653308038795	0.682583420436	0.667512015789	0.662009305626	0.663777639492	0.6485134143	0.666612053528	0.64676078272	0.640618755029	0.770576235616	0.76451445529	0.769416517714	0.778217604138	0.760528229589	0.794513253738	0.692193033948	0.688391087402	0.751697611362	0.761952166262	0.710921027927	0.745478120669	0.704442387884	0.717410809528	0.702647217097	0.704814204588	0.706424760597	0.705122873212	0.685583800646	0.724391422591	0.895192082041	0.853435427703	0.848971639391	0.840841770604	0.84664939792	0.845790481216	0.911397318086	0.951237038215	0.919618941265	0.917090551462	0.877918654013	0.861895943057	0.86050843266	0.864662045921	0.863594613509	0.869592133651	0.868455100422	0.863658782444	0.835893048999	0.769421266122	0.756043521235
ERR2233237	0.66768556377	0.677285532122	0.653149019653	0.680208504428	0.679100964589	0.668312062208	0.660649736699	0.643946404047	0.643524882739	0.0	0.758110749003	0.836986055118	0.69321913053	0.683472776095	0.83670287673	0.839024815044	0.813135806259	0.809332830964	0.810316773177	0.830942413245	0.894584426456	0.914267577079	0.874925172163	0.835183887062	0.810107207963	0.681815184109	0.834134950194	0.831173382643	0.892123092006	0.86110063071	0.82077031819	0.657306676438	0.699374318684	0.647320940441	0.841935937231	0.682601911707	0.661810819607	0.697248961617	0.696945327107	0.656159971282	0.645986444203	0.673659128456	0.662933422003	0.661228105869	0.662483651825	0.652094009459	0.665277396056	0.643260899609	0.643041038496	0.772511735016	0.762703800851	0.771956760107	0.780617216688	0.764401236935	0.794658618724	0.686762585357	0.686804152248	0.752988432907	0.770033234716	0.71304694071	0.748579533746	0.711583239404	0.723201223991	0.702689242779	0.700890528463	0.70801749445	0.704543333384	0.685220300792	0.715124931614	0.89883784128	0.858670062862	0.852184559757	0.847708537989	0.850682346186	0.848586656561	0.913764363803	0.951568700885	0.920288651848	0.920477745813	0.879921486936	0.865999674723	0.865280903209	0.867640597525	0.865825065424	0.871224338062	0.869921536368	0.866551663998	0.836104353454	0.769321102788	0.75750082108
ERR2233259	0.734721172559	0.728622624116	0.76042175301	0.730110203694	0.715455082302	0.738378211159	0.731431143775	0.749502015618	0.761698395381	0.758110749003	0.0	0.809086944007	0.741820911209	0.752237981092	0.855688605619	0.854493654705	0.840401410156	0.841274274635	0.844027441734	0.840099869264	0.910086165641	0.923211103149	0.896891158893	0.86254966445	0.851749876419	0.758896470001	0.863983011376	0.795080216885	0.871579496253	0.864436493189	0.864135970574	0.762847896634	0.748372689832	0.766353036349	0.811909578757	0.757824589287	0.779248640428	0.745695576267	0.770040738011	0.777750511808	0.778031474199	0.733812493888	0.732060011701	0.739950903003	0.737784574237	0.751622033078	0.740421535011	0.741398842171	0.756144191673	0.74131537246	0.742806926755	0.769106289967	0.751373381823	0.733614008183	0.74487662976	0.732515673387	0.739236508922	0.735864270905	0.758182745206	0.767281508887	0.747323788121	0.780458970298	0.761055485347	0.737874666711	0.732599078822	0.762176014894	0.765012189539	0.749528993878	0.753408476605	0.910661384948	0.889336372952	0.886699204994	0.883181065162	0.884271817496	0.882402694905	0.928935769436	0.952945140474	0.933666673848	0.932833460218	0.873838218361	0.879701189024	0.891494926265	0.892069924114	0.873218759807	0.863856236013	0.88511715673	0.877530192708	0.840853110598	0.788110883411	0.785709017328
ERR2233319	0.807748797456	0.823315424036	0.835346425063	0.812274259433	0.804647520129	0.812720542343	0.815471548187	0.829226351226	0.837252684479	0.836986055118	0.809086944007	0.0	0.83852157959	0.844269497674	0.80947295874	0.812973760055	0.797007995359	0.795931581118	0.80740772141	0.812415874849	0.874539186394	0.888342115813	0.864480368082	0.82732537037	0.820458647586	0.847162321748	0.826308070672	0.688350431975	0.795002918868	0.836970761572	0.830662413787	0.835657680369	0.837036903003	0.836885051707	0.608946483686	0.843076891174	0.857002973187	0.832986969561	0.842120654311	0.844371712396	0.844219060313	0.812020498974	0.809677183096	0.825453475283	0.823153967668	0.833460295545	0.826678912355	0.822451332696	0.84018262064	0.808538205879	0.808414444781	0.800868147547	0.818529969672	0.811611272056	0.807765449819	0.821532970778	0.822820960539	0.802533618651	0.809585541826	0.84473757769	0.826149712929	0.854253036061	0.841069429616	0.830809437283	0.823747604705	0.847073220639	0.844517684073	0.829716407352	0.778355802766	0.873657670153	0.865873669051	0.862908477148	0.864230659296	0.867185639194	0.859174035912	0.908480505053	0.931574344044	0.911793406214	0.91312408921	0.852003482606	0.843391201094	0.869434058568	0.864901796903	0.840498611839	0.840422787104	0.850853285915	0.84082441792	0.8142251509	0.738274151392	0.758494127116
ERR2233251	0.686793605479	0.697502843938	0.698894642647	0.69343468418	0.703908817612	0.697872534237	0.702691438486	0.689717280557	0.69660014394	0.69321913053	0.741820911209	0.83852157959	0.0	0.668923975916	0.844491245382	0.8460734655	0.822779942197	0.817337073912	0.820728897493	0.838402346307	0.897913832239	0.916760640991	0.881708702957	0.842595353224	0.821223612025	0.721392015214	0.844558718691	0.832975927237	0.891060307774	0.8681207541	0.8350368068	0.69233744395	0.678102894052	0.697494879035	0.842316898466	0.719328106127	0.709335685917	0.706364833466	0.680792379518	0.707912381816	0.702488849438	0.692693422774	0.685024348278	0.698249821405	0.695707277674	0.697516753543	0.696558713063	0.68582597067	0.695270283453	0.771076236518	0.75393673976	0.777457563822	0.777748266614	0.757609037088	0.782593198668	0.698359692537	0.701654178855	0.759922042076	0.775066162183	0.743541451705	0.753548144925	0.747194480284	0.744103474042	0.699246332223	0.694516921545	0.742439732318	0.741716328941	0.70229606124	0.723405252366	0.90322924844	0.867129615688	0.861681091681	0.857414142293	0.858552018426	0.856450620483	0.918859528493	0.954870078148	0.927148044217	0.926375517126	0.886621313298	0.872448333985	0.871146480836	0.874449420697	0.870078119113	0.876048595789	0.878836788069	0.872444432527	0.843914478162	0.787186209671	0.77821223902
ERR2233229	0.686310832405	0.695225108389	0.689302848304	0.6980940421	0.698465949164	0.695103624847	0.694277589286	0.681417225874	0.687941881068	0.683472776095	0.752237981092	0.844269497674	0.668923975916	0.0	0.844391106829	0.846025039705	0.824147262241	0.821134707745	0.822656147026	0.839434431606	0.89356581345	0.913899466568	0.876365856672	0.839600198326	0.821606532969	0.713196051066	0.842916085595	0.833667736681	0.890411797905	0.867020467473	0.831025398659	0.690417594439	0.680688558724	0.682129717236	0.846918694068	0.714951169178	0.701751410015	0.698235727237	0.678677716906	0.688123107724	0.684763250317	0.702066543635	0.686933532397	0.696540985751	0.690163724582	0.689057357724	0.692103379643	0.678454095081	0.684645322716	0.775566851351	0.759387397262	0.775104543712	0.777558795095	0.764220298161	0.791739630862	0.697996770637	0.700471274829	0.7601792988	0.767813253496	0.7389027281	0.752898275924	0.733628110565	0.735040528841	0.699842937026	0.700714241615	0.736042039511	0.729869907167	0.703316650141	0.730597980457	0.901448744076	0.861801296153	0.857468804255	0.852774975839	0.85513384966	0.85344935361	0.916486819978	0.952104613815	0.92231252377	0.922063235211	0.883844342044	0.871795140571	0.870749974963	0.87088893659	0.86891991365	0.8762804647	0.874948818597	0.87146069602	0.843890641168	0.786332019162	0.774941563772
ERR2233308	0.826831170119	0.829858219183	0.836190565723	0.838033612843	0.822497223973	0.833301857985	0.821475378638	0.838428942139	0.835172747036	0.83670287673	0.855688605619	0.80947295874	0.844491245382	0.844391106829	0.0	0.607569713737	0.656873679224	0.662382871428	0.659896997903	0.653097441845	0.794631455223	0.828516711504	0.768242932402	0.6585108165	0.661941950697	0.831672773241	0.6566050108	0.786555365468	0.83959285902	0.682144011655	0.676964830023	0.834128617519	0.843201351762	0.829422807367	0.805505501366	0.828387526171	0.849351878017	0.825376646751	0.8371316637	0.830701463531	0.829928102903	0.835575117429	0.825698969737	0.841312495942	0.843012684832	0.840709353242	0.844994078102	0.83065196957	0.837584717756	0.841715171183	0.851996684647	0.819554511013	0.850902369695	0.853656366007	0.854263925187	0.84279855796	0.839869878631	0.830796827736	0.825026441771	0.857840872154	0.86085296112	0.856570125512	0.855793766503	0.853240338989	0.846441391053	0.859593773639	0.853031236762	0.843511403777	0.818695783484	0.792424761899	0.760852568981	0.763000450084	0.76553449931	0.766662475305	0.765835425143	0.842601484301	0.905061708133	0.855760330738	0.855901869631	0.784217448027	0.777090366457	0.774880412438	0.767030936971	0.780097172193	0.77675292346	0.78074636053	0.779565214885	0.666682188261	0.793855712651	0.800911821878
ERR2233309	0.831491557596	0.834492879153	0.838132058982	0.840058163017	0.825371624154	0.834083848809	0.826698010912	0.843616443923	0.838074475835	0.839024815044	0.854493654705	0.812973760055	0.8460734655	0.846025039705	0.607569713737	0.0	0.659756888509	0.658508009072	0.656445175054	0.655533636794	0.802436674508	0.838357804841	0.776454792026	0.658651280553	0.666078292492	0.839451655126	0.655571562102	0.7959648471	0.846950980119	0.694653898402	0.682416399409	0.836388355663	0.846586932759	0.832967831335	0.805460808808	0.8351565919	0.849747488366	0.830058176374	0.841309293929	0.834769579168	0.834016605996	0.837294063142	0.827764161127	0.841989069128	0.843282991105	0.844384201061	0.845029235751	0.832744754092	0.84392263164	0.850420313032	0.851722790098	0.828641775641	0.849983987503	0.853098927211	0.855401867584	0.842929890302	0.841298636575	0.835594305614	0.831850405156	0.858674499959	0.8620856977	0.859112582158	0.858186898609	0.850108021301	0.845595457165	0.859925385265	0.854428128051	0.845385248877	0.813284462699	0.807627117023	0.764540546277	0.767104327634	0.762445392502	0.768481632496	0.767049987382	0.848742378902	0.910163755475	0.865617163592	0.860814651168	0.786864198592	0.77523837656	0.771258438531	0.774181772272	0.782668412692	0.784337319297	0.785389598569	0.777699949173	0.668398290688	0.794460722636	0.805407933259
ERR2233304	0.798968699197	0.808821643872	0.809862917614	0.812517999056	0.800390187441	0.807002286415	0.802229098404	0.813992367993	0.811499239757	0.813135806259	0.840401410156	0.797007995359	0.822779942197	0.824147262241	0.656873679224	0.659756888509	0.0	0.60501213211	0.63664630288	0.657444114529	0.818360154518	0.851265937313	0.787885818252	0.65698552672	0.647660135464	0.820152523925	0.660656260033	0.789954147363	0.853344175809	0.715310028452	0.664523993081	0.80940030415	0.823293775218	0.804522125877	0.794979378602	0.81656443086	0.825077190029	0.814056098491	0.813048308408	0.809188496544	0.805579626023	0.808663313611	0.799331467684	0.814834196323	0.817409397987	0.814413303067	0.814445851491	0.8056758345	0.81632754361	0.834910244319	0.835714011026	0.815884180889	0.838378203595	0.84109583599	0.845625474791	0.81843556181	0.814887402395	0.822273612128	0.823248834258	0.83934164679	0.84202166985	0.840296678544	0.840758679178	0.827646450542	0.823985739425	0.841545672984	0.834044787434	0.822118068035	0.793445948436	0.825630677914	0.776714011732	0.779383734816	0.772763296199	0.776743235056	0.777373559639	0.856040980134	0.915367683971	0.871107379083	0.866719642715	0.808754148525	0.784180414569	0.780427323535	0.78455695293	0.792585867169	0.791705437132	0.790851268119	0.785199674119	0.678655519919	0.777336435997	0.78775797765
ERR2233305	0.792685800257	0.808134972173	0.807628030231	0.810134992767	0.797495360698	0.806310653147	0.801067213082	0.813135007203	0.810689924535	0.809332830964	0.841274274635	0.795931581118	0.817337073912	0.821134707745	0.662382871428	0.658508009072	0.60501213211	0.0	0.632905044378	0.661661628603	0.816757213649	0.852200604701	0.784442994397	0.659081786974	0.636451024791	0.816653910174	0.652048943983	0.793758289144	0.856223390382	0.712611571169	0.658353988494	0.805537140868	0.819278650109	0.802062541934	0.787870364257	0.813816883312	0.821986062053	0.808730906017	0.80856666062	0.807657002781	0.801521520312	0.807121081946	0.797154682145	0.814914090172	0.813974534461	0.812378438717	0.81249631538	0.803430544588	0.81382977372	0.83604941617	0.831645995016	0.815660703487	0.838709742516	0.838042939849	0.846820174507	0.815844705766	0.812932777357	0.822591109577	0.822641244452	0.836143642807	0.83886234389	0.837189063487	0.834196201779	0.82517417295	0.821281859468	0.838588269088	0.832507560652	0.817417512857	0.787673651713	0.823568793802	0.772950794242	0.771449441333	0.769812013006	0.77330672828	0.769007184307	0.85737192163	0.917677462252	0.870870284728	0.865041810617	0.799558544796	0.782617728539	0.780427201671	0.779730264413	0.789556373429	0.786272099154	0.784884293092	0.781703125021	0.674482486516	0.772774818198	0.784202981983
ERR2233306	0.796101503786	0.812960690102	0.811808165763	0.815129385718	0.804543313688	0.809170628277	0.806008122931	0.814634725392	0.811036425934	0.810316773177	0.844027441734	0.80740772141	0.820728897493	0.822656147026	0.659896997903	0.656445175054	0.63664630288	0.632905044378	0.0	0.644396859417	0.811331152622	0.847493454945	0.782211607913	0.654520762685	0.631107072714	0.821766194427	0.646332314376	0.793530095577	0.851927316509	0.700477995775	0.639543209935	0.810674521254	0.821347681209	0.805668325841	0.808054655114	0.816640559503	0.824563870146	0.812335563747	0.813062945128	0.80873474535	0.804127249096	0.809564964676	0.799465988604	0.814412819148	0.819569577153	0.816332905694	0.816165844388	0.804849289039	0.813980109697	0.834731691879	0.83483494435	0.81407626012	0.838851853934	0.839289585469	0.842780520645	0.819019941587	0.813823675048	0.821589908647	0.823708605363	0.838853334972	0.847027413801	0.83906598281	0.83875284835	0.827701991993	0.821975562003	0.84235855079	0.837606475693	0.819277923285	0.789159394317	0.817331222631	0.766630627637	0.762034256638	0.762008370196	0.768110626347	0.761546134967	0.854935901093	0.914819855781	0.870626244993	0.866661226384	0.803006816681	0.778301863395	0.772549371607	0.771132688039	0.788093152719	0.793389287847	0.78534433138	0.784243501917	0.671692342274	0.777928218067	0.783341090633
ERR2233307	0.818125409831	0.809986002113	0.830727099384	0.834973969566	0.801243540663	0.829211722473	0.803638826429	0.832937839612	0.829391011811	0.830942413245	0.840099869264	0.812415874849	0.838402346307	0.839434431606	0.653097441845	0.655533636794	0.657444114529	0.661661628603	0.644396859417	0.0	0.803178965861	0.837348869418	0.781387162312	0.667168779828	0.659278204996	0.8117636746	0.667973077593	0.791307167121	0.845234265147	0.64686719823	0.67029095841	0.825320999948	0.839032438011	0.820741345887	0.802717956753	0.80703854166	0.840454778873	0.803439290781	0.82908451307	0.82406639358	0.822597092015	0.828878024163	0.820488768245	0.835316484188	0.837050649235	0.834022478816	0.834339013753	0.826766263	0.830224605686	0.839722647275	0.849702969123	0.820614829154	0.847993423925	0.852862913705	0.854934830182	0.83294521934	0.831847653109	0.831919056347	0.825786477928	0.852225702725	0.855678208427	0.851021895692	0.8509144266	0.844077498753	0.838021890036	0.85085010328	0.847516274471	0.836780811486	0.8111384099	0.804106088631	0.775049997611	0.768523232372	0.771463567453	0.776153473461	0.775865391608	0.849983339593	0.900748259582	0.862023501609	0.858236091688	0.768457033408	0.780035789336	0.775669904117	0.774947491487	0.791128297087	0.765606769205	0.788904252275	0.789256786915	0.62150684011	0.787945502743	0.7969289541
ERR2233300	0.886446240207	0.889728290016	0.891383009801	0.896959599012	0.885475264236	0.892404016984	0.887857900914	0.892356184425	0.889413586583	0.894584426456	0.910086165641	0.874539186394	0.897913832239	0.89356581345	0.794631455223	0.802436674508	0.818360154518	0.816757213649	0.811331152622	0.803178965861	0.0	0.587341042608	0.592930837797	0.784817189749	0.809036929569	0.882100826132	0.784274670089	0.83490295299	0.802366817583	0.767596341624	0.787840949621	0.887427040598	0.894365029411	0.880748523937	0.870066494102	0.883418183131	0.894326190594	0.881548310226	0.887402126942	0.879936992556	0.878812716238	0.894701715383	0.883665242428	0.893568449349	0.895099787424	0.894506014544	0.895594455857	0.885813779	0.888622323953	0.86987348066	0.886850833132	0.835239739415	0.881532723047	0.894058763866	0.896140528274	0.893949281879	0.887565010962	0.864556925263	0.83500674658	0.899423088673	0.900322148682	0.893605459357	0.89352237536	0.900196398127	0.899310170555	0.895193092444	0.893219346225	0.893039267136	0.881598491283	0.568653528565	0.655063505719	0.669518622483	0.679326049851	0.698514713115	0.685274424098	0.646551973968	0.752055108207	0.689086172853	0.674387708013	0.743540287125	0.709291631974	0.675793585407	0.668639088378	0.745313867859	0.740643642057	0.73034013837	0.735107835679	0.803533615841	0.8622780466	0.85906557135
ERR2233301	0.907271404229	0.910938766468	0.912294597791	0.91561272537	0.905538107794	0.913656225209	0.907544231805	0.912328690333	0.911261106827	0.914267577079	0.923211103149	0.888342115813	0.916760640991	0.913899466568	0.828516711504	0.838357804841	0.851265937313	0.852200604701	0.847493454945	0.837348869418	0.587341042608	0.0	0.663229319984	0.828420052821	0.847892226262	0.901726453226	0.825999494937	0.84369179524	0.776968457888	0.798845673242	0.829687229101	0.909684045001	0.91289739084	0.904973021285	0.881158347836	0.902268315691	0.915409376714	0.9021004311	0.908797499519	0.903529366463	0.903597438348	0.913196311709	0.905432215076	0.913090678674	0.915131077372	0.915550661188	0.91380967073	0.907470277158	0.910763540907	0.882495486154	0.906860883145	0.853330097939	0.893254929812	0.910554326633	0.90472957788	0.911260231272	0.907494345953	0.8814648752	0.855820860308	0.919048226122	0.914755161111	0.915678823659	0.910896824671	0.918385037629	0.914513144936	0.914140908366	0.91169585033	0.91178451071	0.902152989871	0.591088132065	0.713643277232	0.747843434541	0.751769761166	0.770575413925	0.757403058251	0.66522339747	0.696289398767	0.692442178315	0.692022531192	0.774556480937	0.75599822402	0.751841828343	0.738896552534	0.779787954272	0.777866717849	0.776597131919	0.775725744036	0.832032088598	0.884679289913	0.88038965472
ERR2233303	0.865784175576	0.874048149631	0.872686315696	0.879309401202	0.8650057605	0.875173188169	0.867421621437	0.873225539589	0.870604928752	0.874925172163	0.896891158893	0.864480368082	0.881708702957	0.876365856672	0.768242932402	0.776454792026	0.787885818252	0.784442994397	0.782211607913	0.781387162312	0.592930837797	0.663229319984	0.0	0.748771271567	0.780135335413	0.861946967155	0.7501992252	0.830254412893	0.825315723519	0.748140337119	0.755072646997	0.867991014032	0.875950431641	0.863965419872	0.859222688226	0.859701416433	0.876170993258	0.86080700943	0.867058096371	0.861865938149	0.859481842774	0.8782371945	0.866593694054	0.876223187813	0.878607036361	0.877023437255	0.877229942536	0.866782971804	0.871555032344	0.85696256089	0.871489362143	0.825795148677	0.867160700694	0.880816974258	0.884526286266	0.876578363873	0.87015563779	0.848320317168	0.826554046718	0.88475503749	0.885748418708	0.878836789057	0.876483248691	0.883916395767	0.881168669887	0.881107224024	0.87628803356	0.875656780178	0.86429439492	0.613181755617	0.595761759297	0.617071936527	0.61630080538	0.639353351578	0.620490477681	0.671075789865	0.804853392314	0.692400111881	0.694184803918	0.718813353709	0.68504870999	0.63454346666	0.622081070295	0.715032180275	0.721451720334	0.693430324031	0.708473198121	0.784043383672	0.842966060513	0.843869271901
ERR2233313	0.821841043815	0.832711967381	0.830414944742	0.838578349019	0.825668844445	0.832764389798	0.828505928203	0.836212162402	0.834688141434	0.835183887062	0.86254966445	0.82732537037	0.842595353224	0.839600198326	0.6585108165	0.658651280553	0.65698552672	0.659081786974	0.654520762685	0.667168779828	0.784817189749	0.828420052821	0.748771271567	0.0	0.650615880569	0.836067435829	0.611823729457	0.802075535503	0.845692835611	0.701584943063	0.656405487073	0.828033290062	0.843867095752	0.827117762858	0.816157002702	0.833508939866	0.843534592658	0.831814802544	0.835876296018	0.825642570483	0.823099424954	0.834232711483	0.824153845226	0.838255340538	0.841091035142	0.837131349098	0.838014688101	0.828232453814	0.834849573434	0.847253249462	0.852494093773	0.822782124572	0.849976688279	0.854748625662	0.859021509633	0.840140115622	0.836493561188	0.836016016888	0.82985302222	0.854745795951	0.862289984626	0.853836266725	0.855008144136	0.849301199897	0.847254901234	0.854402173753	0.850694591413	0.842309109513	0.815360011704	0.794010525449	0.750785557969	0.749275720753	0.748349601415	0.745387477148	0.747733318641	0.828683991253	0.902056878765	0.846435556242	0.836794440752	0.797060938507	0.767469619854	0.75374255568	0.754682584559	0.776834578547	0.786260127724	0.768701275316	0.769107870853	0.687918974227	0.796799828096	0.800738475754
ERR2233312	0.803668290401	0.816548506882	0.810918565637	0.819175795171	0.808206070397	0.810391353463	0.809194692816	0.818519847411	0.814175987112	0.810107207963	0.851749876419	0.820458647586	0.821223612025	0.821606532969	0.661941950697	0.666078292492	0.647660135464	0.636451024791	0.631107072714	0.659278204996	0.809036929569	0.847892226262	0.780135335413	0.650615880569	0.0	0.82283903894	0.644032195948	0.800899314931	0.855186545591	0.711451459889	0.640013637274	0.805214630389	0.823097546918	0.805238167637	0.815252671615	0.820142073985	0.823275798774	0.814307724211	0.813498487215	0.807910176675	0.803799213556	0.814247637158	0.803295041327	0.821354052854	0.820693833988	0.817854576732	0.820687012746	0.808449222031	0.817419139947	0.840842932684	0.841845425196	0.815469147172	0.844529400655	0.84244088944	0.852625713072	0.82210873407	0.819614860778	0.827053497292	0.826371999321	0.838530203334	0.84972673965	0.838675884786	0.840688287525	0.831787854232	0.825831553402	0.841918275058	0.836086927326	0.822026308931	0.791084547528	0.818138960796	0.763434252116	0.761593813441	0.764577106705	0.76627342802	0.766873135551	0.851334761242	0.914856259798	0.86849889028	0.865107412731	0.812403811016	0.784531424883	0.772155746174	0.774821120383	0.795591966513	0.801945396351	0.790150012114	0.78947652901	0.668549997235	0.776412124351	0.782517174001
ERR2233258	0.714175255793	0.686961785383	0.686742169728	0.732646374305	0.685684901328	0.715175826219	0.666788938798	0.688863768553	0.675150605832	0.681815184109	0.758896470001	0.847162321748	0.721392015214	0.713196051066	0.831672773241	0.839451655126	0.820152523925	0.816653910174	0.821766194427	0.8117636746	0.882100826132	0.901726453226	0.861946967155	0.836067435829	0.82283903894	0.0	0.839420514294	0.836244017247	0.888832881844	0.832681800822	0.826378823801	0.684578691208	0.721905696079	0.673482531388	0.851047637659	0.637800149459	0.676711672106	0.655403320993	0.710791242053	0.678854130175	0.678077727826	0.721155932019	0.710453969082	0.704041267301	0.703697847637	0.689510296978	0.704119844938	0.684777108047	0.677436965054	0.78681363258	0.784260635668	0.777420064942	0.790944231676	0.786765914324	0.80895775643	0.726013632361	0.716744206077	0.76458169787	0.770587198638	0.738931478697	0.775516563345	0.730780076703	0.743135206844	0.735466235777	0.736823699669	0.735168756212	0.731697059681	0.716621170302	0.755643502388	0.889099186029	0.848736624476	0.845136640845	0.838877268875	0.844252861294	0.843393396638	0.903615424531	0.943454128406	0.909788206497	0.909017899541	0.855521501904	0.859963357641	0.857121331589	0.859036020845	0.861834399212	0.850391297319	0.868843609233	0.861170515117	0.813755420606	0.782822386457	0.770433265627
ERR2233310	0.824291897679	0.836141752259	0.832105509552	0.836149040592	0.827768636985	0.834406022673	0.827754069555	0.837749517155	0.834947154819	0.834134950194	0.863983011376	0.826308070672	0.844558718691	0.842916085595	0.6566050108	0.655571562102	0.660656260033	0.652048943983	0.646332314376	0.667973077593	0.784274670089	0.825999494937	0.7501992252	0.611823729457	0.644032195948	0.839420514294	0.0	0.800539536389	0.846534079712	0.693609836006	0.647055787928	0.829426898846	0.844803103882	0.825294899987	0.820475567739	0.837212793323	0.845493576389	0.832147587399	0.83622028911	0.830115672197	0.82615006088	0.836317669716	0.824451854379	0.840766046074	0.840574751637	0.838829538775	0.840982695983	0.83023308971	0.835766931795	0.849542837741	0.853394043162	0.825767908276	0.85468048261	0.855519527175	0.861771331611	0.841882260718	0.837169068993	0.836827686489	0.832604168543	0.859065350902	0.864394456644	0.856105601382	0.857989702685	0.84839525025	0.846884662297	0.856998675538	0.852263982972	0.840025870985	0.817888713952	0.790617409053	0.74622326099	0.744317257125	0.740351514739	0.743843898735	0.74410912944	0.831035699489	0.902612749428	0.851710661074	0.842612602016	0.794431376907	0.766094040791	0.75017201304	0.750694501074	0.784410944107	0.787559541738	0.770039336802	0.768159859772	0.675534221558	0.79695244047	0.801964726056
ERR2233317	0.806021700774	0.817252423236	0.832408279888	0.811839777123	0.800604214821	0.807313373173	0.811911522546	0.822218595574	0.827945465931	0.831173382643	0.795080216885	0.688350431975	0.832975927237	0.833667736681	0.786555365468	0.7959648471	0.789954147363	0.793758289144	0.793530095577	0.791307167121	0.83490295299	0.84369179524	0.830254412893	0.802075535503	0.800899314931	0.836244017247	0.800539536389	0.0	0.68121911273	0.809286405376	0.818300495594	0.829219107981	0.828222201528	0.825337785828	0.681597263944	0.82939144173	0.848870784572	0.82344091011	0.834912683168	0.835356435356	0.832563788016	0.810058837921	0.797240628452	0.818659500679	0.819281182286	0.828545219103	0.819596158437	0.812848466159	0.831660447451	0.763689669641	0.795160636262	0.754368662966	0.789071002163	0.795277498749	0.781212924414	0.814402815915	0.811835826414	0.760246428693	0.760634983494	0.83866949159	0.813727951707	0.844785439268	0.826771396933	0.827258118453	0.819585095937	0.834634287048	0.833404720106	0.82510094042	0.784422296712	0.830991136281	0.835992368813	0.839124456115	0.840070431439	0.84785052257	0.834944340857	0.872401083746	0.909086161383	0.882440727496	0.882598467224	0.836022906792	0.821710658475	0.838693404423	0.837789050008	0.816866942673	0.820080174731	0.827494864678	0.822290546607	0.799026143615	0.726076635388	0.740195092376
ERR2233316	0.877599322145	0.885207711189	0.891330456763	0.882811001948	0.871891729708	0.879916229303	0.880963640298	0.886273504435	0.88730691547	0.892123092006	0.871579496253	0.795002918868	0.891060307774	0.890411797905	0.83959285902	0.846950980119	0.853344175809	0.856223390382	0.851927316509	0.845234265147	0.802366817583	0.776968457888	0.825315723519	0.845692835611	0.855186545591	0.888832881844	0.846534079712	0.68121911273	0.0	0.832854585432	0.858049063121	0.887657161524	0.888430929443	0.88366080999	0.785224090224	0.887878438577	0.902281029449	0.883617674745	0.893266871605	0.887674758278	0.888348992032	0.881006970149	0.870338198924	0.884378971749	0.883867978131	0.890831137551	0.885026849728	0.878562603666	0.890089137621	0.833398771449	0.863299093775	0.809206194302	0.856931665335	0.864942895348	0.853307969167	0.880848245363	0.875028928367	0.831003884863	0.807392613607	0.891944197008	0.878787149584	0.895144933894	0.884158182029	0.889211820111	0.884432085881	0.887994896349	0.887065739518	0.884915411453	0.860384102648	0.795443989512	0.848647935056	0.856680700271	0.858144889564	0.870863341341	0.856162875741	0.839565938196	0.856442560084	0.853612535452	0.859721035772	0.85283371147	0.839324413613	0.854910333611	0.848430494323	0.848360177369	0.842024749409	0.850984500047	0.847672852606	0.839297221011	0.827016884865	0.832341674959
